"sp","trait","values","code","type"
"Abies_amabilis","BarkThickness",1.36740297058124,NA,"morph"
"Abies_amabilis","LeafSize",-3.35563045800541,NA,"morph"
"Abies_amabilis","LWC",-1.08454844018874,NA,"morph"
"Abies_amabilis","SeedMassKEW",0.607846035287106,NA,"morph"
"Abies_amabilis","SLA",-2.3381423059674,NA,"morph"
"Abies_amabilis","WoodDensity",-1.05964845753946,NA,"morph"
"Abies_grandis","BarkThickness",1.08033702381863,NA,"morph"
"Abies_grandis","LeafSize",-2.95979246809712,NA,"morph"
"Abies_grandis","LWC",-0.871946110276588,NA,"morph"
"Abies_grandis","SeedMassKEW",0.274110372235455,NA,"morph"
"Abies_grandis","SLA",-2.24065241797148,NA,"morph"
"Abies_grandis","WoodDensity",-0.978346669208714,NA,"morph"
"Acer_circinatum","BarkThickness",-0.415758494345601,NA,"morph"
"Acer_circinatum","LeafSize",0.487245495264078,NA,"morph"
"Acer_circinatum","LWC",0.562835420434736,NA,"morph"
"Acer_circinatum","SeedMassKEW",0.71587043908333,NA,"morph"
"Acer_circinatum","SLA",1.06921881786278,NA,"morph"
"Acer_circinatum","WoodDensity",-0.13822818979097,NA,"morph"
"Acer_negundo","BarkThickness",-0.666739144196111,NA,"morph"
"Acer_negundo","LeafSize",0.107564128661696,NA,"morph"
"Acer_negundo","LWC",1.2341598831208,NA,"morph"
"Acer_negundo","SeedMassKEW",-0.594747942112277,NA,"morph"
"Acer_negundo","SLA",0.700424640960529,NA,"morph"
"Acer_negundo","WoodDensity",-0.270553009525653,NA,"morph"
"Acer_rubrum","BarkThickness",-0.393710526312927,NA,"morph"
"Acer_rubrum","LeafSize",0.460389099876591,NA,"morph"
"Acer_rubrum","LWC",-0.745904105441213,NA,"morph"
"Acer_rubrum","SeedMassKEW",-0.635197596788708,NA,"morph"
"Acer_rubrum","SLA",-0.101474445278289,NA,"morph"
"Acer_rubrum","WoodDensity",0.165939046188253,NA,"morph"
"Acer_saccharum","BarkThickness",-1.0219705312645,NA,"morph"
"Acer_saccharum","LeafSize",0.671995816957022,NA,"morph"
"Acer_saccharum","LWC",-0.346027368624448,NA,"morph"
"Acer_saccharum","SeedMassKEW",-0.948223706813872,NA,"morph"
"Acer_saccharum","SLA",0.172734204529394,NA,"morph"
"Acer_saccharum","WoodDensity",1.33358054805114,NA,"morph"
"Ailanthus_altissima","BarkThickness",0.25685587726605,NA,"morph"
"Ailanthus_altissima","LeafSize",0.218187598504219,NA,"morph"
"Ailanthus_altissima","LWC",0.835838669492152,NA,"morph"
"Ailanthus_altissima","SeedMassKEW",-0.400315843843697,NA,"morph"
"Ailanthus_altissima","SLA",0.527529036252396,NA,"morph"
"Ailanthus_altissima","WoodDensity",-0.180603667345178,NA,"morph"
"Albizia_julibrissin","BarkThickness",NA,NA,"morph"
"Albizia_julibrissin","LeafSize",NA,NA,"morph"
"Albizia_julibrissin","LWC",NA,NA,"morph"
"Albizia_julibrissin","SeedMassKEW",NA,NA,"morph"
"Albizia_julibrissin","SLA",NA,NA,"morph"
"Albizia_julibrissin","WoodDensity",NA,NA,"morph"
"Alnus_rubra","BarkThickness",0.470583808432369,NA,"morph"
"Alnus_rubra","LeafSize",0.258096652162219,NA,"morph"
"Alnus_rubra","LWC",0.0777007228588081,NA,"morph"
"Alnus_rubra","SeedMassKEW",-0.715054575434496,NA,"morph"
"Alnus_rubra","SLA",-0.343676623084845,NA,"morph"
"Alnus_rubra","WoodDensity",-0.877335356434147,NA,"morph"
"Amelanchier_alnifolia","BarkThickness",0.863815263486741,NA,"morph"
"Amelanchier_alnifolia","LeafSize",-0.577817067329719,NA,"morph"
"Amelanchier_alnifolia","LWC",-0.223727957547046,NA,"morph"
"Amelanchier_alnifolia","SeedMassKEW",-0.206431567848137,NA,"morph"
"Amelanchier_alnifolia","SLA",0.668064757869218,NA,"morph"
"Amelanchier_alnifolia","WoodDensity",-0.711446859032011,NA,"morph"
"Amelanchier_arborea","BarkThickness",-0.832045113102097,NA,"morph"
"Amelanchier_arborea","LeafSize",-0.151937955328348,NA,"morph"
"Amelanchier_arborea","LWC",-0.623388368443212,NA,"morph"
"Amelanchier_arborea","SeedMassKEW",-0.939157137213828,NA,"morph"
"Amelanchier_arborea","SLA",-0.0631735099413334,NA,"morph"
"Amelanchier_arborea","WoodDensity",-0.00617437601738833,NA,"morph"
"Amelanchier_canadensis","BarkThickness",0.608878352128222,NA,"morph"
"Amelanchier_canadensis","LeafSize",-0.464011287500671,NA,"morph"
"Amelanchier_canadensis","LWC",-1.35916546518469,NA,"morph"
"Amelanchier_canadensis","SeedMassKEW",-0.0398943460583081,NA,"morph"
"Amelanchier_canadensis","SLA",0.666336958863267,NA,"morph"
"Amelanchier_canadensis","WoodDensity",-0.537346059778285,NA,"morph"
"Aralia_spinosa","BarkThickness",NA,NA,"morph"
"Aralia_spinosa","LeafSize",NA,NA,"morph"
"Aralia_spinosa","LWC",NA,NA,"morph"
"Aralia_spinosa","SeedMassKEW",NA,NA,"morph"
"Aralia_spinosa","SLA",NA,NA,"morph"
"Aralia_spinosa","WoodDensity",NA,NA,"morph"
"Asimina_triloba","BarkThickness",0.671966507322541,NA,"morph"
"Asimina_triloba","LeafSize",1.25427786597944,NA,"morph"
"Asimina_triloba","LWC",1.38208574969081,NA,"morph"
"Asimina_triloba","SeedMassKEW",0.746306516383107,NA,"morph"
"Asimina_triloba","SLA",1.01335187641689,NA,"morph"
"Asimina_triloba","WoodDensity",-0.613277002698094,NA,"morph"
"Berberis_nervosa","BarkThickness",NA,NA,"morph"
"Berberis_nervosa","LeafSize",-0.431655017173318,NA,"morph"
"Berberis_nervosa","LWC",-1.18572525019103,NA,"morph"
"Berberis_nervosa","SeedMassKEW",0.200707233719484,NA,"morph"
"Berberis_nervosa","SLA",-1.20482599380646,NA,"morph"
"Berberis_nervosa","WoodDensity",NA,NA,"morph"
"Betula_nigra","BarkThickness",NA,NA,"morph"
"Betula_nigra","LeafSize",NA,NA,"morph"
"Betula_nigra","LWC",NA,NA,"morph"
"Betula_nigra","SeedMassKEW",-0.67454226756274,NA,"morph"
"Betula_nigra","SLA",NA,NA,"morph"
"Betula_nigra","WoodDensity",NA,NA,"morph"
"Broussonetia_papyrifera","BarkThickness",NA,NA,"morph"
"Broussonetia_papyrifera","LeafSize",NA,NA,"morph"
"Broussonetia_papyrifera","LWC",NA,NA,"morph"
"Broussonetia_papyrifera","SeedMassKEW",NA,NA,"morph"
"Broussonetia_papyrifera","SLA",NA,NA,"morph"
"Broussonetia_papyrifera","WoodDensity",NA,NA,"morph"
"Carpinus_caroliniana","BarkThickness",-0.782448572327031,NA,"morph"
"Carpinus_caroliniana","LeafSize",-0.18835337082881,NA,"morph"
"Carpinus_caroliniana","LWC",-0.638026865655907,NA,"morph"
"Carpinus_caroliniana","SeedMassKEW",0.354482080935323,NA,"morph"
"Carpinus_caroliniana","SLA",0.757410716966003,NA,"morph"
"Carpinus_caroliniana","WoodDensity",-0.0861950452592895,NA,"morph"
"Carya_alba","BarkThickness",1.19139173315015,NA,"morph"
"Carya_alba","LeafSize",0.537905250476066,NA,"morph"
"Carya_alba","LWC",-1.13572872840703,NA,"morph"
"Carya_alba","SeedMassKEW",NA,NA,"morph"
"Carya_alba","SLA",-0.34309869533783,NA,"morph"
"Carya_alba","WoodDensity",-1.03037981374039,NA,"morph"
"Carya_cordiformis","BarkThickness",0.443506116388224,NA,"morph"
"Carya_cordiformis","LeafSize",0.550198177606069,NA,"morph"
"Carya_cordiformis","LWC",-0.207346868715067,NA,"morph"
"Carya_cordiformis","SeedMassKEW",1.15790125867792,NA,"morph"
"Carya_cordiformis","SLA",0.969130715711966,NA,"morph"
"Carya_cordiformis","WoodDensity",-0.134680475391082,NA,"morph"
"Carya_glabra","BarkThickness",0.215522860837302,NA,"morph"
"Carya_glabra","LeafSize",0.477712715718131,NA,"morph"
"Carya_glabra","LWC",-1.01639099001993,NA,"morph"
"Carya_glabra","SeedMassKEW",1.23384326317408,NA,"morph"
"Carya_glabra","SLA",-0.251766501938362,NA,"morph"
"Carya_glabra","WoodDensity",0.363132838248653,NA,"morph"
"Carya_ovata","BarkThickness",-0.230164423575058,NA,"morph"
"Carya_ovata","LeafSize",0.547008681492855,NA,"morph"
"Carya_ovata","LWC",-0.681171910072121,NA,"morph"
"Carya_ovata","SeedMassKEW",0.532464036041726,NA,"morph"
"Carya_ovata","SLA",-0.244629090278137,NA,"morph"
"Carya_ovata","WoodDensity",1.41685328882628,NA,"morph"
"Carya_texana","BarkThickness",-0.424962610172519,NA,"morph"
"Carya_texana","LeafSize",-0.16845457085379,NA,"morph"
"Carya_texana","LWC",-0.392254201927575,NA,"morph"
"Carya_texana","SeedMassKEW",0.461401066336437,NA,"morph"
"Carya_texana","SLA",-0.414754565848298,NA,"morph"
"Carya_texana","WoodDensity",1.54250150715562,NA,"morph"
"Carya_tomentosa","BarkThickness",-0.386301976552431,NA,"morph"
"Carya_tomentosa","LeafSize",0.286280287803518,NA,"morph"
"Carya_tomentosa","LWC",-0.727398743375248,NA,"morph"
"Carya_tomentosa","SeedMassKEW",0.60962439116457,NA,"morph"
"Carya_tomentosa","SLA",-0.24761560161191,NA,"morph"
"Carya_tomentosa","WoodDensity",1.01625720450567,NA,"morph"
"Celtis_occidentalis","BarkThickness",-0.529046084330542,NA,"morph"
"Celtis_occidentalis","LeafSize",0.0716903890821321,NA,"morph"
"Celtis_occidentalis","LWC",1.23724167200766,NA,"morph"
"Celtis_occidentalis","SeedMassKEW",0.110588882030414,NA,"morph"
"Celtis_occidentalis","SLA",0.905051879230391,NA,"morph"
"Celtis_occidentalis","WoodDensity",0.375204921970491,NA,"morph"
"Celtis_tenuifolia","BarkThickness",NA,NA,"morph"
"Celtis_tenuifolia","LeafSize",-0.0123269063528068,NA,"morph"
"Celtis_tenuifolia","LWC",1.68795329671315,NA,"morph"
"Celtis_tenuifolia","SeedMassKEW",-0.769454469794601,NA,"morph"
"Celtis_tenuifolia","SLA",2.18806543494534,NA,"morph"
"Celtis_tenuifolia","WoodDensity",1.26045821236458,NA,"morph"
"Cephalanthus_occidentalis","BarkThickness",2.67072427632095,NA,"morph"
"Cephalanthus_occidentalis","LeafSize",0.361588483554864,NA,"morph"
"Cephalanthus_occidentalis","LWC",1.30619669835153,NA,"morph"
"Cephalanthus_occidentalis","SeedMassKEW",-0.399105957797628,NA,"morph"
"Cephalanthus_occidentalis","SLA",0.307636402395495,NA,"morph"
"Cephalanthus_occidentalis","WoodDensity",-1.28207044088795,NA,"morph"
"Cercis_canadensis","BarkThickness",-1.42104807454629,NA,"morph"
"Cercis_canadensis","LeafSize",0.826177472120637,NA,"morph"
"Cercis_canadensis","LWC",0.266478172641987,NA,"morph"
"Cercis_canadensis","SeedMassKEW",-0.452645936878764,NA,"morph"
"Cercis_canadensis","SLA",0.273924900428362,NA,"morph"
"Cercis_canadensis","WoodDensity",0.460448615190004,NA,"morph"
"Cornus_alternifolia","BarkThickness",NA,NA,"morph"
"Cornus_alternifolia","LeafSize",NA,NA,"morph"
"Cornus_alternifolia","LWC",NA,NA,"morph"
"Cornus_alternifolia","SeedMassKEW",NA,NA,"morph"
"Cornus_alternifolia","SLA",NA,NA,"morph"
"Cornus_alternifolia","WoodDensity",NA,NA,"morph"
"Cornus_drummondii","BarkThickness",NA,NA,"morph"
"Cornus_drummondii","LeafSize",0.28046306712328,NA,"morph"
"Cornus_drummondii","LWC",0.497612339157624,NA,"morph"
"Cornus_drummondii","SeedMassKEW",-0.978919887929506,NA,"morph"
"Cornus_drummondii","SLA",0.314765841591626,NA,"morph"
"Cornus_drummondii","WoodDensity",1.30372061851876,NA,"morph"
"Cornus_florida","BarkThickness",-0.230941764632941,NA,"morph"
"Cornus_florida","LeafSize",0.378037141070001,NA,"morph"
"Cornus_florida","LWC",0.50608725859655,NA,"morph"
"Cornus_florida","SeedMassKEW",0.027965016019179,NA,"morph"
"Cornus_florida","SLA",0.44645035024109,NA,"morph"
"Cornus_florida","WoodDensity",0.351405671204581,NA,"morph"
"Cornus_nuttallii","BarkThickness",0.669644136479431,NA,"morph"
"Cornus_nuttallii","LeafSize",0.432367593104579,NA,"morph"
"Cornus_nuttallii","LWC",0.645783702147508,NA,"morph"
"Cornus_nuttallii","SeedMassKEW",0.812068789881845,NA,"morph"
"Cornus_nuttallii","SLA",0.576736013119973,NA,"morph"
"Cornus_nuttallii","WoodDensity",-0.0199710431280608,NA,"morph"
"Corylus_cornuta","BarkThickness",-0.507954856809503,NA,"morph"
"Corylus_cornuta","LeafSize",0.507569241592942,NA,"morph"
"Corylus_cornuta","LWC",0.25205077923932,NA,"morph"
"Corylus_cornuta","SeedMassKEW",1.26737033808941,NA,"morph"
"Corylus_cornuta","SLA",1.11875096502651,NA,"morph"
"Corylus_cornuta","WoodDensity",-0.148082952012879,NA,"morph"
"Crataegus_sp.","BarkThickness",NA,NA,"morph"
"Crataegus_sp.","LeafSize",NA,NA,"morph"
"Crataegus_sp.","LWC",NA,NA,"morph"
"Crataegus_sp.","SeedMassKEW",NA,NA,"morph"
"Crataegus_sp.","SLA",NA,NA,"morph"
"Crataegus_sp.","WoodDensity",1.54693615015547,NA,"morph"
"Diospyros_virginiana","BarkThickness",-0.711205928604925,NA,"morph"
"Diospyros_virginiana","LeafSize",0.543821620349064,NA,"morph"
"Diospyros_virginiana","LWC",1.04077763046937,NA,"morph"
"Diospyros_virginiana","SeedMassKEW",-0.323743743850066,NA,"morph"
"Diospyros_virginiana","SLA",-0.0212861107083582,NA,"morph"
"Diospyros_virginiana","WoodDensity",1.44493936115872,NA,"morph"
"Elaeagnus_angustifolia","BarkThickness",-0.0155424663772982,NA,"morph"
"Elaeagnus_angustifolia","LeafSize",-0.462808877372689,NA,"morph"
"Elaeagnus_angustifolia","LWC",1.88133554936453,NA,"morph"
"Elaeagnus_angustifolia","SeedMassKEW",0.910995115561974,NA,"morph"
"Elaeagnus_angustifolia","SLA",0.971023536064985,NA,"morph"
"Elaeagnus_angustifolia","WoodDensity",-0.858611308212519,NA,"morph"
"Euonymous_americanus","BarkThickness",NA,NA,"morph"
"Euonymous_americanus","LeafSize",NA,NA,"morph"
"Euonymous_americanus","LWC",NA,NA,"morph"
"Euonymous_americanus","SeedMassKEW",NA,NA,"morph"
"Euonymous_americanus","SLA",NA,NA,"morph"
"Euonymous_americanus","WoodDensity",NA,NA,"morph"
"Fagus_grandifolia","BarkThickness",0.00960199611285702,NA,"morph"
"Fagus_grandifolia","LeafSize",0.404564433734411,NA,"morph"
"Fagus_grandifolia","LWC",-1.64202063781404,NA,"morph"
"Fagus_grandifolia","SeedMassKEW",1.08003447098102,NA,"morph"
"Fagus_grandifolia","SLA",0.153299989858966,NA,"morph"
"Fagus_grandifolia","WoodDensity",-0.181293500700712,NA,"morph"
"Frangula_caroliniana","BarkThickness",-1.34095830350347,NA,"morph"
"Frangula_caroliniana","LeafSize",0.152546137365143,NA,"morph"
"Frangula_caroliniana","LWC",0.497612339157624,NA,"morph"
"Frangula_caroliniana","SeedMassKEW",-0.564934658842316,NA,"morph"
"Frangula_caroliniana","SLA",0.0347508192477952,NA,"morph"
"Frangula_caroliniana","WoodDensity",1.07341482539275,NA,"morph"
"Fraxinus_americana","BarkThickness",-0.307571825266866,NA,"morph"
"Fraxinus_americana","LeafSize",0.321828465850452,NA,"morph"
"Fraxinus_americana","LWC",-0.027254830638281,NA,"morph"
"Fraxinus_americana","SeedMassKEW",-0.29494851422806,NA,"morph"
"Fraxinus_americana","SLA",0.447566841025896,NA,"morph"
"Fraxinus_americana","WoodDensity",-0.0437702938939712,NA,"morph"
"Fraxinus_pennsylvanica","BarkThickness",0.504109758419242,NA,"morph"
"Fraxinus_pennsylvanica","LeafSize",0.64946000927961,NA,"morph"
"Fraxinus_pennsylvanica","LWC",-0.220952638800737,NA,"morph"
"Fraxinus_pennsylvanica","SeedMassKEW",0.368993361900343,NA,"morph"
"Fraxinus_pennsylvanica","SLA",-0.0378038836755832,NA,"morph"
"Fraxinus_pennsylvanica","WoodDensity",-0.777506615126208,NA,"morph"
"Gaultheria_shallon","BarkThickness",NA,NA,"morph"
"Gaultheria_shallon","LeafSize",0.266874173559015,NA,"morph"
"Gaultheria_shallon","LWC",-0.352767663433301,NA,"morph"
"Gaultheria_shallon","SeedMassKEW",-1.4121511389594,NA,"morph"
"Gaultheria_shallon","SLA",-0.899602093994565,NA,"morph"
"Gaultheria_shallon","WoodDensity",NA,NA,"morph"
"Gleditsia_triacanthos","BarkThickness",NA,NA,"morph"
"Gleditsia_triacanthos","LeafSize",-1.70716387272936,NA,"morph"
"Gleditsia_triacanthos","LWC",NA,NA,"morph"
"Gleditsia_triacanthos","SeedMassKEW",-0.570642602780255,NA,"morph"
"Gleditsia_triacanthos","SLA",-0.518506874763204,NA,"morph"
"Gleditsia_triacanthos","WoodDensity",1.66716424926276,NA,"morph"
"Holodiscus_discolor","BarkThickness",-0.593865103650867,NA,"morph"
"Holodiscus_discolor","LeafSize",-0.0594414192748046,NA,"morph"
"Holodiscus_discolor","LWC",0.179026179224231,NA,"morph"
"Holodiscus_discolor","SeedMassKEW",-1.2442746568482,NA,"morph"
"Holodiscus_discolor","SLA",0.922162730309785,NA,"morph"
"Holodiscus_discolor","WoodDensity",-0.266340098675787,NA,"morph"
"Ilex_opaca","BarkThickness",-0.0993573413444817,NA,"morph"
"Ilex_opaca","LeafSize",-0.38640969470331,NA,"morph"
"Ilex_opaca","LWC",-0.124138568769438,NA,"morph"
"Ilex_opaca","SeedMassKEW",0.214757560430765,NA,"morph"
"Ilex_opaca","SLA",-1.02358551447454,NA,"morph"
"Ilex_opaca","WoodDensity",-0.389623174071869,NA,"morph"
"Ilex_verticillata","BarkThickness",-0.300513041265723,NA,"morph"
"Ilex_verticillata","LeafSize",-0.21913643913157,NA,"morph"
"Ilex_verticillata","LWC",0.798086755627951,NA,"morph"
"Ilex_verticillata","SeedMassKEW",0.345252893977422,NA,"morph"
"Ilex_verticillata","SLA",0.832838632871508,NA,"morph"
"Ilex_verticillata","WoodDensity",-0.565333584488507,NA,"morph"
"Juglans_nigra","BarkThickness",0.71715419953543,NA,"morph"
"Juglans_nigra","LeafSize",0.058769866089844,NA,"morph"
"Juglans_nigra","LWC",-0.126449910434594,NA,"morph"
"Juglans_nigra","SeedMassKEW",1.63008008159346,NA,"morph"
"Juglans_nigra","SLA",-0.0448477132894733,NA,"morph"
"Juglans_nigra","WoodDensity",0.23608852860446,NA,"morph"
"Juniperus_virginiana","BarkThickness",-1.00059773814787,NA,"morph"
"Juniperus_virginiana","LeafSize",-3.48693768659376,NA,"morph"
"Juniperus_virginiana","LWC",NA,NA,"morph"
"Juniperus_virginiana","SeedMassKEW",-1.38657338000779,NA,"morph"
"Juniperus_virginiana","SLA",-2.61550141115444,NA,"morph"
"Juniperus_virginiana","WoodDensity",0.780977439182804,NA,"morph"
"Kalmia_latifolia","BarkThickness",-0.690252209863129,NA,"morph"
"Kalmia_latifolia","LeafSize",-0.378410262206104,NA,"morph"
"Kalmia_latifolia","LWC",0.131840282709757,NA,"morph"
"Kalmia_latifolia","SeedMassKEW",-2.0701855423928,NA,"morph"
"Kalmia_latifolia","SLA",-0.583020925726797,NA,"morph"
"Kalmia_latifolia","WoodDensity",0.0437892684476904,NA,"morph"
"Ligustrum_sp.","BarkThickness",0.0221742273579346,NA,"morph"
"Ligustrum_sp.","LeafSize",-1.2488516047407,NA,"morph"
"Ligustrum_sp.","LWC",0.295755167067263,NA,"morph"
"Ligustrum_sp.","SeedMassKEW",NA,NA,"morph"
"Ligustrum_sp.","SLA",0.26304167514026,NA,"morph"
"Ligustrum_sp.","WoodDensity",-0.425593056181836,NA,"morph"
"Lindera_benzoin","BarkThickness",-1.04608826153631,NA,"morph"
"Lindera_benzoin","LeafSize",0.318195283934146,NA,"morph"
"Lindera_benzoin","LWC",1.29232864836053,NA,"morph"
"Lindera_benzoin","SeedMassKEW",0.0413593526330962,NA,"morph"
"Lindera_benzoin","SLA",0.842150070716365,NA,"morph"
"Lindera_benzoin","WoodDensity",0.35470701654892,NA,"morph"
"Liquidambar_styraciflua","BarkThickness",0.872895208274852,NA,"morph"
"Liquidambar_styraciflua","LeafSize",0.647573206388417,NA,"morph"
"Liquidambar_styraciflua","LWC",-0.318508355981297,NA,"morph"
"Liquidambar_styraciflua","SeedMassKEW",-0.203032918244056,NA,"morph"
"Liquidambar_styraciflua","SLA",-0.268410715835765,NA,"morph"
"Liquidambar_styraciflua","WoodDensity",-1.04979369531755,NA,"morph"
"Liriodendron_tulipifera","BarkThickness",1.64399205797294,NA,"morph"
"Liriodendron_tulipifera","LeafSize",0.906807379214248,NA,"morph"
"Liriodendron_tulipifera","LWC",-0.0922981480253345,NA,"morph"
"Liriodendron_tulipifera","SeedMassKEW",0.621109021039342,NA,"morph"
"Liriodendron_tulipifera","SLA",-0.237413116811151,NA,"morph"
"Liriodendron_tulipifera","WoodDensity",-1.35223634790794,NA,"morph"
"Lonicera_maackii","BarkThickness",NA,NA,"morph"
"Lonicera_maackii","LeafSize",-0.156708864527982,NA,"morph"
"Lonicera_maackii","LWC",0.509169047483405,NA,"morph"
"Lonicera_maackii","SeedMassKEW",-1.92637581885437,NA,"morph"
"Lonicera_maackii","SLA",0.122349342638621,NA,"morph"
"Lonicera_maackii","WoodDensity",1.99138592636357,NA,"morph"
"Lonicera_mackii","BarkThickness",-0.417853866219781,NA,"morph"
"Lonicera_mackii","LeafSize",-0.473928400224874,NA,"morph"
"Lonicera_mackii","LWC",0.466794450288834,NA,"morph"
"Lonicera_mackii","SeedMassKEW",-0.369078624265453,NA,"morph"
"Lonicera_mackii","SLA",0.56690908061085,NA,"morph"
"Lonicera_mackii","WoodDensity",-0.552128203111148,NA,"morph"
"Malus_ionensis","BarkThickness",NA,NA,"morph"
"Malus_ionensis","LeafSize",NA,NA,"morph"
"Malus_ionensis","LWC",NA,NA,"morph"
"Malus_ionensis","SeedMassKEW",NA,NA,"morph"
"Malus_ionensis","SLA",NA,NA,"morph"
"Malus_ionensis","WoodDensity",1.25424971216478,NA,"morph"
"Menziesia_ferruginea","BarkThickness",-1.44982451425323,NA,"morph"
"Menziesia_ferruginea","LeafSize",-0.726342470686593,NA,"morph"
"Menziesia_ferruginea","LWC",3.21907766686224,NA,"morph"
"Menziesia_ferruginea","SeedMassKEW",-1.17775455509209,NA,"morph"
"Menziesia_ferruginea","SLA",1.69653849691396,NA,"morph"
"Menziesia_ferruginea","WoodDensity",0.696962908515821,NA,"morph"
"Morus_rubra","BarkThickness",NA,NA,"morph"
"Morus_rubra","LeafSize",0.962707325975983,NA,"morph"
"Morus_rubra","LWC",NA,NA,"morph"
"Morus_rubra","SeedMassKEW",-0.610171719811677,NA,"morph"
"Morus_rubra","SLA",0.686378387522091,NA,"morph"
"Morus_rubra","WoodDensity",1.14042720850173,NA,"morph"
"Nyssa_sylvatica","BarkThickness",0.122752077318555,NA,"morph"
"Nyssa_sylvatica","LeafSize",0.264958888336845,NA,"morph"
"Nyssa_sylvatica","LWC",-0.881021993540261,NA,"morph"
"Nyssa_sylvatica","SeedMassKEW",0.949931821083636,NA,"morph"
"Nyssa_sylvatica","SLA",-0.435127089782375,NA,"morph"
"Nyssa_sylvatica","WoodDensity",-0.445598223492312,NA,"morph"
"Oemleria_cerasiformis","BarkThickness",-1.02551170973186,NA,"morph"
"Oemleria_cerasiformis","LeafSize",0.158833286538935,NA,"morph"
"Oemleria_cerasiformis","LWC",-3.04373042761441,NA,"morph"
"Oemleria_cerasiformis","SeedMassKEW",1.04030923510813,NA,"morph"
"Oemleria_cerasiformis","SLA",-2.43320895091727,NA,"morph"
"Oemleria_cerasiformis","WoodDensity",-1.2616710830886,NA,"morph"
"Ostrya_virginiana","BarkThickness",-1.253662783267,NA,"morph"
"Ostrya_virginiana","LeafSize",0.142382685958286,NA,"morph"
"Ostrya_virginiana","LWC",-0.288243826995539,NA,"morph"
"Ostrya_virginiana","SeedMassKEW",-1.37970126775936,NA,"morph"
"Ostrya_virginiana","SLA",0.82873863739948,NA,"morph"
"Ostrya_virginiana","WoodDensity",1.10899051701384,NA,"morph"
"Paulownia_tomentosa","BarkThickness",0.986045289480549,NA,"morph"
"Paulownia_tomentosa","LeafSize",1.72281249289709,NA,"morph"
"Paulownia_tomentosa","LWC",1.30016152844798,NA,"morph"
"Paulownia_tomentosa","SeedMassKEW",-1.29153694509834,NA,"morph"
"Paulownia_tomentosa","SLA",0.000929521905968384,NA,"morph"
"Paulownia_tomentosa","WoodDensity",-1.40785005604708,NA,"morph"
"Pinus_echinata","BarkThickness",NA,NA,"morph"
"Pinus_echinata","LeafSize",NA,NA,"morph"
"Pinus_echinata","LWC",NA,NA,"morph"
"Pinus_echinata","SeedMassKEW",0.391409218079048,NA,"morph"
"Pinus_echinata","SLA",NA,NA,"morph"
"Pinus_echinata","WoodDensity",NA,NA,"morph"
"Pinus_monticola","BarkThickness",2.23279155461741,NA,"morph"
"Pinus_monticola","LeafSize",-1.69094677369823,NA,"morph"
"Pinus_monticola","LWC",-1.31365164688555,NA,"morph"
"Pinus_monticola","SeedMassKEW",0.282259267489036,NA,"morph"
"Pinus_monticola","SLA",-2.76985719461579,NA,"morph"
"Pinus_monticola","WoodDensity",-1.18776036642428,NA,"morph"
"Pinus_taeda","BarkThickness",3.30492349690604,NA,"morph"
"Pinus_taeda","LeafSize",-1.41229187205362,NA,"morph"
"Pinus_taeda","LWC",-0.348595526030152,NA,"morph"
"Pinus_taeda","SeedMassKEW",0.367244455509313,NA,"morph"
"Pinus_taeda","SLA",-2.51548954010603,NA,"morph"
"Pinus_taeda","WoodDensity",-1.40489362738051,NA,"morph"
"Pinus_virginiana","BarkThickness",NA,NA,"morph"
"Pinus_virginiana","LeafSize",NA,NA,"morph"
"Pinus_virginiana","LWC",NA,NA,"morph"
"Pinus_virginiana","SeedMassKEW",-0.0440951800692509,NA,"morph"
"Pinus_virginiana","SLA",NA,NA,"morph"
"Pinus_virginiana","WoodDensity",NA,NA,"morph"
"Platanus_occidentalis","BarkThickness",-0.149646266324792,NA,"morph"
"Platanus_occidentalis","LeafSize",1.09208170297294,NA,"morph"
"Platanus_occidentalis","LWC",-1.00721683627223,NA,"morph"
"Platanus_occidentalis","SeedMassKEW",-1.17415065466801,NA,"morph"
"Platanus_occidentalis","SLA",-0.841860119196044,NA,"morph"
"Platanus_occidentalis","WoodDensity",0.0761621623466616,NA,"morph"
"Populus_grandidentata","BarkThickness",0.147896539808711,NA,"morph"
"Populus_grandidentata","LeafSize",-0.339134528249188,NA,"morph"
"Populus_grandidentata","LWC",-0.542491410162739,NA,"morph"
"Populus_grandidentata","SeedMassKEW",-1.43721169752091,NA,"morph"
"Populus_grandidentata","SLA",-0.260150856599244,NA,"morph"
"Populus_grandidentata","WoodDensity",-0.958637144764896,NA,"morph"
"Prunus_americana","BarkThickness",NA,NA,"morph"
"Prunus_americana","LeafSize",0.0565146048063351,NA,"morph"
"Prunus_americana","LWC",0.543839172460751,NA,"morph"
"Prunus_americana","SeedMassKEW",-0.0570201720010981,NA,"morph"
"Prunus_americana","SLA",0.646364821122383,NA,"morph"
"Prunus_americana","WoodDensity",0.79999444754588,NA,"morph"
"Prunus_avium","BarkThickness",0.7241238052081,NA,"morph"
"Prunus_avium","LeafSize",0.272295510235948,NA,"morph"
"Prunus_avium","LWC",0.358931839248242,NA,"morph"
"Prunus_avium","SeedMassKEW",0.930633219966931,NA,"morph"
"Prunus_avium","SLA",0.50562154529801,NA,"morph"
"Prunus_avium","WoodDensity",-0.965042740209137,NA,"morph"
"Prunus_serotina","BarkThickness",-0.373138630424788,NA,"morph"
"Prunus_serotina","LeafSize",-0.232960711056505,NA,"morph"
"Prunus_serotina","LWC",0.326187832325174,NA,"morph"
"Prunus_serotina","SeedMassKEW",-0.0279989766379524,NA,"morph"
"Prunus_serotina","SLA",0.381369497832457,NA,"morph"
"Prunus_serotina","WoodDensity",0.0432718934310403,NA,"morph"
"Pseudotsuga_menziesii","BarkThickness",1.96248858284824,NA,"morph"
"Pseudotsuga_menziesii","LeafSize",-3.43297936635998,NA,"morph"
"Pseudotsuga_menziesii","LWC",-1.07878916164418,NA,"morph"
"Pseudotsuga_menziesii","SeedMassKEW",0.00316710818089188,NA,"morph"
"Pseudotsuga_menziesii","SLA",-2.26512253062334,NA,"morph"
"Pseudotsuga_menziesii","WoodDensity",-1.16805084198046,NA,"morph"
"Quercus_alba","BarkThickness",0.20042696161159,NA,"morph"
"Quercus_alba","LeafSize",0.739093840635339,NA,"morph"
"Quercus_alba","LWC",-0.908085930289017,NA,"morph"
"Quercus_alba","SeedMassKEW",1.18118372666121,NA,"morph"
"Quercus_alba","SLA",-0.413152799845217,NA,"morph"
"Quercus_alba","WoodDensity",0.60176590545218,NA,"morph"
"Quercus_coccinea","BarkThickness",-0.0878327960364942,NA,"morph"
"Quercus_coccinea","LeafSize",0.462813175858017,NA,"morph"
"Quercus_coccinea","LWC",-0.86511618425752,NA,"morph"
"Quercus_coccinea","SeedMassKEW",1.81118482682212,NA,"morph"
"Quercus_coccinea","SLA",-0.250728773752727,NA,"morph"
"Quercus_coccinea","WoodDensity",-0.395560668310569,NA,"morph"
"Quercus_falcata","BarkThickness",0.663707249502598,NA,"morph"
"Quercus_falcata","LeafSize",0.60526077987631,NA,"morph"
"Quercus_falcata","LWC",-1.14681987963234,NA,"morph"
"Quercus_falcata","SeedMassKEW",1.49653218117818,NA,"morph"
"Quercus_falcata","SLA",-0.570245905044964,NA,"morph"
"Quercus_falcata","WoodDensity",-0.732315491222882,NA,"morph"
"Quercus_marilandica","BarkThickness",-0.953556639572537,NA,"morph"
"Quercus_marilandica","LeafSize",0.638817456227618,NA,"morph"
"Quercus_marilandica","LWC",-0.923862784913539,NA,"morph"
"Quercus_marilandica","SeedMassKEW",0.330276450104924,NA,"morph"
"Quercus_marilandica","SLA",-1.1331952008256,NA,"morph"
"Quercus_marilandica","WoodDensity",1.81301473014702,NA,"morph"
"Quercus_michauxii","BarkThickness",1.27939735186569,NA,"morph"
"Quercus_michauxii","LeafSize",0.790497603822972,NA,"morph"
"Quercus_michauxii","LWC",-1.05637970704921,NA,"morph"
"Quercus_michauxii","SeedMassKEW",2.15515983947131,NA,"morph"
"Quercus_michauxii","SLA",-0.505005604577016,NA,"morph"
"Quercus_michauxii","WoodDensity",-1.02946824823487,NA,"morph"
"Quercus_muehlenbergii","BarkThickness",-0.553696824822844,NA,"morph"
"Quercus_muehlenbergii","LeafSize",0.493696183006546,NA,"morph"
"Quercus_muehlenbergii","LWC",-1.00475974319401,NA,"morph"
"Quercus_muehlenbergii","SeedMassKEW",0.0908042893764433,NA,"morph"
"Quercus_muehlenbergii","SLA",-0.0896764545810946,NA,"morph"
"Quercus_muehlenbergii","WoodDensity",1.0545922295489,NA,"morph"
"Quercus_palustris","BarkThickness",0.661262648982712,NA,"morph"
"Quercus_palustris","LeafSize",0.295211711401613,NA,"morph"
"Quercus_palustris","LWC",-0.623388368443212,NA,"morph"
"Quercus_palustris","SeedMassKEW",1.61687094389559,NA,"morph"
"Quercus_palustris","SLA",0.113146080618055,NA,"morph"
"Quercus_palustris","WoodDensity",-0.568388560777298,NA,"morph"
"Quercus_phellos","BarkThickness",NA,NA,"morph"
"Quercus_phellos","LeafSize",NA,NA,"morph"
"Quercus_phellos","LWC",NA,NA,"morph"
"Quercus_phellos","SeedMassKEW",NA,NA,"morph"
"Quercus_phellos","SLA",NA,NA,"morph"
"Quercus_phellos","WoodDensity",NA,NA,"morph"
"Quercus_prinus","BarkThickness",0.763935870817512,NA,"morph"
"Quercus_prinus","LeafSize",0.908945441208705,NA,"morph"
"Quercus_prinus","LWC",-0.872242821058341,NA,"morph"
"Quercus_prinus","SeedMassKEW",NA,NA,"morph"
"Quercus_prinus","SLA",0.532057542954526,NA,"morph"
"Quercus_prinus","WoodDensity",-0.860286617790244,NA,"morph"
"Quercus_rubra","BarkThickness",-0.311624533599149,NA,"morph"
"Quercus_rubra","LeafSize",0.951526915906266,NA,"morph"
"Quercus_rubra","LWC",-0.981105495364642,NA,"morph"
"Quercus_rubra","SeedMassKEW",1.19726876756934,NA,"morph"
"Quercus_rubra","SLA",-0.648162141729983,NA,"morph"
"Quercus_rubra","WoodDensity",0.397378136969786,NA,"morph"
"Quercus_stellata","BarkThickness",0.200515025900718,NA,"morph"
"Quercus_stellata","LeafSize",0.44615214773775,NA,"morph"
"Quercus_stellata","LWC",-1.00475974319401,NA,"morph"
"Quercus_stellata","SeedMassKEW",0.870206563580391,NA,"morph"
"Quercus_stellata","SLA",-1.35963920861404,NA,"morph"
"Quercus_stellata","WoodDensity",1.5331394830448,NA,"morph"
"Quercus_velutina","BarkThickness",-0.00238686474410194,NA,"morph"
"Quercus_velutina","LeafSize",0.939936085770848,NA,"morph"
"Quercus_velutina","LWC",-1.11996102208513,NA,"morph"
"Quercus_velutina","SeedMassKEW",1.01841053839988,NA,"morph"
"Quercus_velutina","SLA",-1.05071001839747,NA,"morph"
"Quercus_velutina","WoodDensity",0.402798256191836,NA,"morph"
"Rhamnus_purshiana","BarkThickness",-0.857881959797496,NA,"morph"
"Rhamnus_purshiana","LeafSize",0.299675807722564,NA,"morph"
"Rhamnus_purshiana","LWC",2.35567422207436,NA,"morph"
"Rhamnus_purshiana","SeedMassKEW",0.441197005663841,NA,"morph"
"Rhamnus_purshiana","SLA",1.53347397609545,NA,"morph"
"Rhamnus_purshiana","WoodDensity",-0.079099616459515,NA,"morph"
"Rhododendron_arborescens","BarkThickness",NA,NA,"morph"
"Rhododendron_arborescens","LeafSize",NA,NA,"morph"
"Rhododendron_arborescens","LWC",NA,NA,"morph"
"Rhododendron_arborescens","SeedMassKEW",NA,NA,"morph"
"Rhododendron_arborescens","SLA",NA,NA,"morph"
"Rhododendron_arborescens","WoodDensity",NA,NA,"morph"
"Rhododendron_macrophyllum","BarkThickness",-0.585483616154149,NA,"morph"
"Rhododendron_macrophyllum","LeafSize",0.393827072318687,NA,"morph"
"Rhododendron_macrophyllum","LWC",-0.567492437800891,NA,"morph"
"Rhododendron_macrophyllum","SeedMassKEW",-1.1900527390796,NA,"morph"
"Rhododendron_macrophyllum","SLA",-1.08015003326958,NA,"morph"
"Rhododendron_macrophyllum","WoodDensity",-0.103736522014287,NA,"morph"
"Rhus_typhina","BarkThickness",1.40511966431647,NA,"morph"
"Rhus_typhina","LeafSize",-0.258993860295084,NA,"morph"
"Rhus_typhina","LWC",-0.64264954898622,NA,"morph"
"Rhus_typhina","SeedMassKEW",0.0696872099370038,NA,"morph"
"Rhus_typhina","SLA",0.0242580400107482,NA,"morph"
"Rhus_typhina","WoodDensity",-1.3587404909744,NA,"morph"
"Robinia_pseudoacacia","BarkThickness",NA,NA,"morph"
"Robinia_pseudoacacia","LeafSize",NA,NA,"morph"
"Robinia_pseudoacacia","LWC",NA,NA,"morph"
"Robinia_pseudoacacia","SeedMassKEW",0.251955769965076,NA,"morph"
"Robinia_pseudoacacia","SLA",NA,NA,"morph"
"Robinia_pseudoacacia","WoodDensity",NA,NA,"morph"
"Rosa_gymnocarpa","BarkThickness",-0.822959095227836,NA,"morph"
"Rosa_gymnocarpa","LeafSize",-0.19055490831485,NA,"morph"
"Rosa_gymnocarpa","LWC",0.133205059529964,NA,"morph"
"Rosa_gymnocarpa","SeedMassKEW",0.27493415532042,NA,"morph"
"Rosa_gymnocarpa","SLA",0.929825536378358,NA,"morph"
"Rosa_gymnocarpa","WoodDensity",0.824253587215479,NA,"morph"
"Rosa_multiflora","BarkThickness",NA,NA,"morph"
"Rosa_multiflora","LeafSize",-0.942782030949874,NA,"morph"
"Rosa_multiflora","LWC",-0.0936732838075308,NA,"morph"
"Rosa_multiflora","SeedMassKEW",-0.0275961620707908,NA,"morph"
"Rosa_multiflora","SLA",0.142886049578945,NA,"morph"
"Rosa_multiflora","WoodDensity",NA,NA,"morph"
"Rubus_spectabalis","BarkThickness",-1.26647947526252,NA,"morph"
"Rubus_spectabalis","LeafSize",0.362742804375768,NA,"morph"
"Rubus_spectabalis","LWC",1.26880118701585,NA,"morph"
"Rubus_spectabalis","SeedMassKEW",-0.369078624265453,NA,"morph"
"Rubus_spectabalis","SLA",1.24359663301463,NA,"morph"
"Rubus_spectabalis","WoodDensity",0.586096833519344,NA,"morph"
"Salix_nigra","BarkThickness",0.535540336531936,NA,"morph"
"Salix_nigra","LeafSize",-0.715384261139594,NA,"morph"
"Salix_nigra","LWC",-0.763994986406929,NA,"morph"
"Salix_nigra","SeedMassKEW",-1.69867574666596,NA,"morph"
"Salix_nigra","SLA",0.0494724739125299,NA,"morph"
"Salix_nigra","WoodDensity",-1.07270601748349,NA,"morph"
"Sambucus_nigra_ssp._canadensis","BarkThickness",0.126942821066915,NA,"morph"
"Sambucus_nigra_ssp._canadensis","LeafSize",-0.0738078482939324,NA,"morph"
"Sambucus_nigra_ssp._canadensis","LWC",2.23304470607923,NA,"morph"
"Sambucus_nigra_ssp._canadensis","SeedMassKEW",0.230131243649792,NA,"morph"
"Sambucus_nigra_ssp._canadensis","SLA",1.05097932405819,NA,"morph"
"Sambucus_nigra_ssp._canadensis","WoodDensity",-1.07960435103883,NA,"morph"
"Sassafras_albidum","BarkThickness",-0.553661901259817,NA,"morph"
"Sassafras_albidum","LeafSize",0.785115699872969,NA,"morph"
"Sassafras_albidum","LWC",0.509169047483405,NA,"morph"
"Sassafras_albidum","SeedMassKEW",-0.0594038642616077,NA,"morph"
"Sassafras_albidum","SLA",0.375033672840656,NA,"morph"
"Sassafras_albidum","WoodDensity",0.0362011015368205,NA,"morph"
"Sideroxylon_lanuginosum","BarkThickness",-1.07433387440025,NA,"morph"
"Sideroxylon_lanuginosum","LeafSize",-0.145626488661762,NA,"morph"
"Sideroxylon_lanuginosum","LWC",-0.10333649378303,NA,"morph"
"Sideroxylon_lanuginosum","SeedMassKEW",-0.824536556960287,NA,"morph"
"Sideroxylon_lanuginosum","SLA",0.238544914281172,NA,"morph"
"Sideroxylon_lanuginosum","WoodDensity",1.76068594274868,NA,"morph"
"Taxus_brevifolia","BarkThickness",1.21653619564031,NA,"morph"
"Taxus_brevifolia","LeafSize",-3.08697347279448,NA,"morph"
"Taxus_brevifolia","LWC",-1.06226671407082,NA,"morph"
"Taxus_brevifolia","SeedMassKEW",0.413087953148639,NA,"morph"
"Taxus_brevifolia","SLA",-2.05070755518858,NA,"morph"
"Taxus_brevifolia","WoodDensity",-0.83791630754651,NA,"morph"
"Thuja_plicata","BarkThickness",1.80514520393257,NA,"morph"
"Thuja_plicata","LeafSize",-0.303983509448939,NA,"morph"
"Thuja_plicata","LWC",-0.236464268410382,NA,"morph"
"Thuja_plicata","SeedMassKEW",-0.633502541664944,NA,"morph"
"Thuja_plicata","SLA",-2.03542393275816,NA,"morph"
"Thuja_plicata","WoodDensity",-1.19000008511108,NA,"morph"
"Tilia_americana","BarkThickness",-0.441950642772846,NA,"morph"
"Tilia_americana","LeafSize",1.16893784080232,NA,"morph"
"Tilia_americana","LWC",0.769194984813496,NA,"morph"
"Tilia_americana","SeedMassKEW",0.067567060113456,NA,"morph"
"Tilia_americana","SLA",0.886383299786007,NA,"morph"
"Tilia_americana","WoodDensity",0.012648219826458,NA,"morph"
"Tsuga_heterophylla","BarkThickness",1.09709999881207,NA,"morph"
"Tsuga_heterophylla","LeafSize",-3.47768286804618,NA,"morph"
"Tsuga_heterophylla","LWC",-1.05511563710463,NA,"morph"
"Tsuga_heterophylla","SeedMassKEW",-0.512888347803883,NA,"morph"
"Tsuga_heterophylla","SLA",-2.22144499028637,NA,"morph"
"Tsuga_heterophylla","WoodDensity",-0.507781773112558,NA,"morph"
"Ulmus_americana","BarkThickness",-0.560339153663993,NA,"morph"
"Ulmus_americana","LeafSize",0.317557448855397,NA,"morph"
"Ulmus_americana","LWC",-0.923966432521842,NA,"morph"
"Ulmus_americana","SeedMassKEW",-0.177007557917829,NA,"morph"
"Ulmus_americana","SLA",-0.308624120331332,NA,"morph"
"Ulmus_americana","WoodDensity",0.277445680729154,NA,"morph"
"Ulmus_rubra","BarkThickness",-0.694833454447761,NA,"morph"
"Ulmus_rubra","LeafSize",0.33706981032357,NA,"morph"
"Ulmus_rubra","LWC",0.333121857320643,NA,"morph"
"Ulmus_rubra","SeedMassKEW",-0.712604109717817,NA,"morph"
"Ulmus_rubra","SLA",0.289402122284557,NA,"morph"
"Ulmus_rubra","WoodDensity",0.160420379343984,NA,"morph"
"Vaccinium_corymbosum","BarkThickness",NA,NA,"morph"
"Vaccinium_corymbosum","LeafSize",NA,NA,"morph"
"Vaccinium_corymbosum","LWC",NA,NA,"morph"
"Vaccinium_corymbosum","SeedMassKEW",-1.02491000499432,NA,"morph"
"Vaccinium_corymbosum","SLA",NA,NA,"morph"
"Vaccinium_corymbosum","WoodDensity",NA,NA,"morph"
"Vaccinium_membranaceum","BarkThickness",-1.10932658469905,NA,"morph"
"Vaccinium_membranaceum","LeafSize",-0.935870862322925,NA,"morph"
"Vaccinium_membranaceum","LWC",0.919234131484807,NA,"morph"
"Vaccinium_membranaceum","SeedMassKEW",-1.29836874895315,NA,"morph"
"Vaccinium_membranaceum","SLA",1.15508090394913,NA,"morph"
"Vaccinium_membranaceum","WoodDensity",-0.522563916445421,NA,"morph"
"Vaccinium_ovalifolium","BarkThickness",-1.46134905956122,NA,"morph"
"Vaccinium_ovalifolium","LeafSize",-0.810524185610349,NA,"morph"
"Vaccinium_ovalifolium","LWC",0.785983622402751,NA,"morph"
"Vaccinium_ovalifolium","SeedMassKEW",-1.22988257893133,NA,"morph"
"Vaccinium_ovalifolium","SLA",1.21493203598878,NA,"morph"
"Vaccinium_ovalifolium","WoodDensity",-0.699949636439784,NA,"morph"
"Vaccinium_parvifolium","BarkThickness",-1.32095914399119,NA,"morph"
"Vaccinium_parvifolium","LeafSize",-1.63781035581483,NA,"morph"
"Vaccinium_parvifolium","LWC",0.28006701510225,NA,"morph"
"Vaccinium_parvifolium","SeedMassKEW",-1.2442746568482,NA,"morph"
"Vaccinium_parvifolium","SLA",1.1883011886651,NA,"morph"
"Vaccinium_parvifolium","WoodDensity",-0.389524626449649,NA,"morph"
"Vaccinium_sp.","BarkThickness",NA,NA,"morph"
"Vaccinium_sp.","LeafSize",NA,NA,"morph"
"Vaccinium_sp.","LWC",NA,NA,"morph"
"Vaccinium_sp.","SeedMassKEW",NA,NA,"morph"
"Vaccinium_sp.","SLA",NA,NA,"morph"
"Vaccinium_sp.","WoodDensity",NA,NA,"morph"
"Viburnum_acerifolium","BarkThickness",-0.166409241318229,NA,"morph"
"Viburnum_acerifolium","LeafSize",0.382188976539278,NA,"morph"
"Viburnum_acerifolium","LWC",1.42600124132872,NA,"morph"
"Viburnum_acerifolium","SeedMassKEW",0.374676903907729,NA,"morph"
"Viburnum_acerifolium","SLA",1.14293752737731,NA,"morph"
"Viburnum_acerifolium","WoodDensity",-1.03993893309565,NA,"morph"
"Viburnum_dentatum","BarkThickness",0.168850258550507,NA,"morph"
"Viburnum_dentatum","LeafSize",-0.0743282977245015,NA,"morph"
"Viburnum_dentatum","LWC",0.34737513092246,NA,"morph"
"Viburnum_dentatum","SeedMassKEW",0.494186591215362,NA,"morph"
"Viburnum_dentatum","SLA",0.242537463267209,NA,"morph"
"Viburnum_dentatum","WoodDensity",-0.677283683329393,NA,"morph"
"Viburnum_prunifolium","BarkThickness",0.30714480224636,NA,"morph"
"Viburnum_prunifolium","LeafSize",-0.661855188653211,NA,"morph"
"Viburnum_prunifolium","LWC",0.546920961347664,NA,"morph"
"Viburnum_prunifolium","SeedMassKEW",0.800930071306252,NA,"morph"
"Viburnum_prunifolium","SLA",0.386060133734893,NA,"morph"
"Viburnum_prunifolium","WoodDensity",-0.487678058179863,NA,"morph"
"Viburnum_rufidulum","BarkThickness",NA,NA,"morph"
"Viburnum_rufidulum","LeafSize",-0.1487751684773,NA,"morph"
"Viburnum_rufidulum","LWC",0.451385505854496,NA,"morph"
"Viburnum_rufidulum","SeedMassKEW",-1.14579220022239,NA,"morph"
"Viburnum_rufidulum","SLA",-0.0918915159301217,NA,"morph"
"Viburnum_rufidulum","WoodDensity",1.36117388227249,NA,"morph"
"Abies_amabilis","Alcohols and polyols",0.136095471609824,"ABIEAM","meta"
"Abies_amabilis","Benzenoids",0.666352050420254,"ABIEAM","meta"
"Abies_amabilis","Carbonyl compounds",-0.0538106785882614,"ABIEAM","meta"
"Abies_amabilis","Glycosides",-0.320191937948555,"ABIEAM","meta"
"Abies_amabilis","Organic acids and derivatives",1.92447591764418,"ABIEAM","meta"
"Abies_amabilis","Organoheterocyclic compounds",0.851907372541569,"ABIEAM","meta"
"Abies_amabilis","Phenylpropanoids and polyketides",-0.683009849035297,"ABIEAM","meta"
"Abies_amabilis","Prenol lipids, terpenoids",0.453275041480897,"ABIEAM","meta"
"Abies_amabilis","Steroids and steroid derivatives",2.10468975877649,"ABIEAM","meta"
NA,"Alcohols and polyols",0.932564643974175,"ABIEBI","meta"
NA,"Benzenoids",-0.00676781097404278,"ABIEBI","meta"
NA,"Carbonyl compounds",0.0357156661186493,"ABIEBI","meta"
NA,"Glycosides",-0.308529419517296,"ABIEBI","meta"
NA,"Organic acids and derivatives",1.26461851090355,"ABIEBI","meta"
NA,"Organoheterocyclic compounds",2.08885509441775,"ABIEBI","meta"
NA,"Phenylpropanoids and polyketides",-0.591389865241459,"ABIEBI","meta"
NA,"Prenol lipids, terpenoids",1.5037129343757,"ABIEBI","meta"
NA,"Steroids and steroid derivatives",6.23258035615514,"ABIEBI","meta"
"Abies_grandis","Alcohols and polyols",-0.125780242898974,"ABIEGR","meta"
"Abies_grandis","Benzenoids",-0.301894493343121,"ABIEGR","meta"
"Abies_grandis","Carbonyl compounds",0.699233154181017,"ABIEGR","meta"
"Abies_grandis","Glycosides",-0.427023354161935,"ABIEGR","meta"
"Abies_grandis","Organic acids and derivatives",0.385856755673779,"ABIEGR","meta"
"Abies_grandis","Organoheterocyclic compounds",-0.266488588308959,"ABIEGR","meta"
"Abies_grandis","Phenylpropanoids and polyketides",-0.743343612189454,"ABIEGR","meta"
"Abies_grandis","Prenol lipids, terpenoids",0.392012614971478,"ABIEGR","meta"
"Abies_grandis","Steroids and steroid derivatives",1.586338250153,"ABIEGR","meta"
"Acer_circinatum","Alcohols and polyols",2.40225309928585,"ACERCI","meta"
"Acer_circinatum","Benzenoids",-0.156708716473291,"ACERCI","meta"
"Acer_circinatum","Carbonyl compounds",-0.444338624267024,"ACERCI","meta"
"Acer_circinatum","Glycosides",-0.580497918659608,"ACERCI","meta"
"Acer_circinatum","Organic acids and derivatives",-0.57223196318464,"ACERCI","meta"
"Acer_circinatum","Organoheterocyclic compounds",-0.622900933633971,"ACERCI","meta"
"Acer_circinatum","Phenylpropanoids and polyketides",-0.499366830023909,"ACERCI","meta"
"Acer_circinatum","Prenol lipids, terpenoids",-0.560895708685306,"ACERCI","meta"
"Acer_circinatum","Steroids and steroid derivatives",-0.55982395102453,"ACERCI","meta"
"Acer_negundo","Alcohols and polyols",-0.198649243716765,"ACERNE","meta"
"Acer_negundo","Benzenoids",-0.413733426553319,"ACERNE","meta"
"Acer_negundo","Carbonyl compounds",-0.38125469277142,"ACERNE","meta"
"Acer_negundo","Glycosides",-0.631384734105414,"ACERNE","meta"
"Acer_negundo","Organic acids and derivatives",-0.317936234482553,"ACERNE","meta"
"Acer_negundo","Organoheterocyclic compounds",-0.342775358210359,"ACERNE","meta"
"Acer_negundo","Phenylpropanoids and polyketides",-0.353822046634857,"ACERNE","meta"
"Acer_negundo","Prenol lipids, terpenoids",-0.486820203268097,"ACERNE","meta"
"Acer_negundo","Steroids and steroid derivatives",-0.500891067069117,"ACERNE","meta"
NA,"Alcohols and polyols",-0.454741471257995,"ACERPL","meta"
NA,"Benzenoids",-0.162377064289921,"ACERPL","meta"
NA,"Carbonyl compounds",-0.441429448047511,"ACERPL","meta"
NA,"Glycosides",-0.400059760634971,"ACERPL","meta"
NA,"Organic acids and derivatives",-0.709113147782172,"ACERPL","meta"
NA,"Organoheterocyclic compounds",-0.740026985609659,"ACERPL","meta"
NA,"Phenylpropanoids and polyketides",-0.708735824066864,"ACERPL","meta"
NA,"Prenol lipids, terpenoids",-0.610148598902178,"ACERPL","meta"
NA,"Steroids and steroid derivatives",-0.524227691880246,"ACERPL","meta"
"Acer_rubrum","Alcohols and polyols",2.38974538491196,"ACERRU","meta"
"Acer_rubrum","Benzenoids",4.69998711368967,"ACERRU","meta"
"Acer_rubrum","Carbonyl compounds",-0.121619174383673,"ACERRU","meta"
"Acer_rubrum","Glycosides",2.28258754180186,"ACERRU","meta"
"Acer_rubrum","Organic acids and derivatives",0.0637772929229101,"ACERRU","meta"
"Acer_rubrum","Organoheterocyclic compounds",0.264219254566313,"ACERRU","meta"
"Acer_rubrum","Phenylpropanoids and polyketides",-0.416370760702971,"ACERRU","meta"
"Acer_rubrum","Prenol lipids, terpenoids",0.871484059037597,"ACERRU","meta"
"Acer_rubrum","Steroids and steroid derivatives",0.133547490717865,"ACERRU","meta"
"Acer_saccharum","Alcohols and polyols",-0.40159149225317,"ACERS2","meta"
"Acer_saccharum","Benzenoids",-0.251319607741005,"ACERS2","meta"
"Acer_saccharum","Carbonyl compounds",-0.400560483337253,"ACERS2","meta"
"Acer_saccharum","Glycosides",-0.211829603872817,"ACERS2","meta"
"Acer_saccharum","Organic acids and derivatives",-0.274276287415412,"ACERS2","meta"
"Acer_saccharum","Organoheterocyclic compounds",-0.536077942049489,"ACERS2","meta"
"Acer_saccharum","Phenylpropanoids and polyketides",-0.531666359413841,"ACERS2","meta"
"Acer_saccharum","Prenol lipids, terpenoids",0.317495694031,"ACERS2","meta"
"Acer_saccharum","Steroids and steroid derivatives",-0.409112341020731,"ACERS2","meta"
"Ailanthus_altissima","Alcohols and polyols",0.141060603494373,"AILAAL","meta"
"Ailanthus_altissima","Benzenoids",0.46231503978485,"AILAAL","meta"
"Ailanthus_altissima","Carbonyl compounds",-0.372156761745198,"AILAAL","meta"
"Ailanthus_altissima","Glycosides",-0.547750509750756,"AILAAL","meta"
"Ailanthus_altissima","Organic acids and derivatives",-0.0310592109366454,"AILAAL","meta"
"Ailanthus_altissima","Organoheterocyclic compounds",-0.095333356592051,"AILAAL","meta"
"Ailanthus_altissima","Phenylpropanoids and polyketides",2.07144218078095,"AILAAL","meta"
"Ailanthus_altissima","Prenol lipids, terpenoids",1.08901698056178,"AILAAL","meta"
"Ailanthus_altissima","Steroids and steroid derivatives",0.0113742113071978,"AILAAL","meta"
NA,"Alcohols and polyols",-0.63815097172552,"ALNUCR","meta"
NA,"Benzenoids",-0.377583201353539,"ALNUCR","meta"
NA,"Carbonyl compounds",0.173013992997696,"ALNUCR","meta"
NA,"Glycosides",-0.55719034418633,"ALNUCR","meta"
NA,"Organic acids and derivatives",-0.209374991551337,"ALNUCR","meta"
NA,"Organoheterocyclic compounds",-0.46006331957065,"ALNUCR","meta"
NA,"Phenylpropanoids and polyketides",-0.156979297163716,"ALNUCR","meta"
NA,"Prenol lipids, terpenoids",3.23953012867284,"ALNUCR","meta"
NA,"Steroids and steroid derivatives",-0.388303205983652,"ALNUCR","meta"
"Amelanchier_alnifolia","Benzenoids",-0.570448601151339,"AMELAL","meta"
"Amelanchier_alnifolia","Glycosides",-0.249222775395587,"AMELAL","meta"
"Amelanchier_alnifolia","Organic acids and derivatives",-0.520139418882323,"AMELAL","meta"
"Amelanchier_alnifolia","Organoheterocyclic compounds",0.255862074432279,"AMELAL","meta"
"Amelanchier_alnifolia","Phenylpropanoids and polyketides",-0.759082819592572,"AMELAL","meta"
"Amelanchier_alnifolia","Prenol lipids, terpenoids",-0.629011621912387,"AMELAL","meta"
"Amelanchier_alnifolia","Steroids and steroid derivatives",-0.57580948648029,"AMELAL","meta"
"Amelanchier_arborea","Alcohols and polyols",-0.4951659018947,"AMELAR","meta"
"Amelanchier_arborea","Benzenoids",-0.296598830320238,"AMELAR","meta"
"Amelanchier_arborea","Glycosides",1.44096915713789,"AMELAR","meta"
"Amelanchier_arborea","Organic acids and derivatives",0.937735561180139,"AMELAR","meta"
"Amelanchier_arborea","Organoheterocyclic compounds",0.911156310070248,"AMELAR","meta"
"Amelanchier_arborea","Phenylpropanoids and polyketides",1.00910105889755,"AMELAR","meta"
"Amelanchier_arborea","Prenol lipids, terpenoids",-0.569237189389936,"AMELAR","meta"
"Amelanchier_arborea","Steroids and steroid derivatives",-0.400451380681836,"AMELAR","meta"
NA,"Alcohols and polyols",0.086270390730008,"AMELCA","meta"
NA,"Benzenoids",-0.504625407289463,"AMELCA","meta"
NA,"Glycosides",0.233485268499109,"AMELCA","meta"
NA,"Organic acids and derivatives",-0.334571773455802,"AMELCA","meta"
NA,"Organoheterocyclic compounds",0.258138491593604,"AMELCA","meta"
NA,"Phenylpropanoids and polyketides",-0.242428542156221,"AMELCA","meta"
NA,"Prenol lipids, terpenoids",-0.65481600704326,"AMELCA","meta"
NA,"Alcohols and polyols",-0.241833354917297,"ARALSP","meta"
NA,"Benzenoids",-0.170845292680684,"ARALSP","meta"
NA,"Carbonyl compounds",0.00134895073695739,"ARALSP","meta"
NA,"Glycosides",-0.584848853255174,"ARALSP","meta"
NA,"Organic acids and derivatives",-0.649897147580496,"ARALSP","meta"
NA,"Organoheterocyclic compounds",-0.457540807522568,"ARALSP","meta"
NA,"Phenylpropanoids and polyketides",-0.445117025857422,"ARALSP","meta"
NA,"Prenol lipids, terpenoids",-0.278646399547722,"ARALSP","meta"
NA,"Steroids and steroid derivatives",-0.0223702406833536,"ARALSP","meta"
"Asimina_triloba","Alcohols and polyols",-0.283285899817648,"ASIMTR","meta"
"Asimina_triloba","Benzenoids",0.484313596932506,"ASIMTR","meta"
"Asimina_triloba","Carbonyl compounds",-0.444813831415348,"ASIMTR","meta"
"Asimina_triloba","Glycosides",-0.172527284272423,"ASIMTR","meta"
"Asimina_triloba","Organic acids and derivatives",0.770103947523247,"ASIMTR","meta"
"Asimina_triloba","Organoheterocyclic compounds",0.565321945761454,"ASIMTR","meta"
"Asimina_triloba","Phenylpropanoids and polyketides",-0.186335044063226,"ASIMTR","meta"
"Asimina_triloba","Prenol lipids, terpenoids",-0.608427554385205,"ASIMTR","meta"
"Asimina_triloba","Steroids and steroid derivatives",0.213803134020992,"ASIMTR","meta"
NA,"Alcohols and polyols",0.78395266749535,"BERBTH","meta"
NA,"Benzenoids",-0.428314843582598,"BERBTH","meta"
NA,"Carbonyl compounds",-0.408628313382733,"BERBTH","meta"
NA,"Glycosides",-0.641516221664029,"BERBTH","meta"
NA,"Organic acids and derivatives",-0.195673630856755,"BERBTH","meta"
NA,"Organoheterocyclic compounds",0.262062773747285,"BERBTH","meta"
NA,"Phenylpropanoids and polyketides",-0.250573525486367,"BERBTH","meta"
NA,"Prenol lipids, terpenoids",-0.606156727282546,"BERBTH","meta"
NA,"Steroids and steroid derivatives",-0.367503263581337,"BERBTH","meta"
NA,"Alcohols and polyols",-0.710672992160488,"BETUAL","meta"
NA,"Benzenoids",-0.663502724939449,"BETUAL","meta"
NA,"Carbonyl compounds",-0.424869707716122,"BETUAL","meta"
NA,"Glycosides",-0.631354761468384,"BETUAL","meta"
NA,"Organic acids and derivatives",-0.983454061321082,"BETUAL","meta"
NA,"Organoheterocyclic compounds",-0.779293111560672,"BETUAL","meta"
NA,"Phenylpropanoids and polyketides",-0.812838418313761,"BETUAL","meta"
NA,"Prenol lipids, terpenoids",-0.457640859671079,"BETUAL","meta"
NA,"Steroids and steroid derivatives",-0.498867880093648,"BETUAL","meta"
NA,"Alcohols and polyols",0.102267893789406,"BETUGL","meta"
NA,"Benzenoids",-0.573995444764479,"BETUGL","meta"
NA,"Carbonyl compounds",2.93107824952836,"BETUGL","meta"
NA,"Glycosides",-0.457806293136542,"BETUGL","meta"
NA,"Organic acids and derivatives",-0.0514273990028144,"BETUGL","meta"
NA,"Organoheterocyclic compounds",-0.524205051424241,"BETUGL","meta"
NA,"Phenylpropanoids and polyketides",0.0344596647360755,"BETUGL","meta"
NA,"Prenol lipids, terpenoids",2.01737304797148,"BETUGL","meta"
NA,"Steroids and steroid derivatives",0.92349856055108,"BETUGL","meta"
NA,"Alcohols and polyols",-0.242059150428498,"BETUNE","meta"
NA,"Benzenoids",0.181816996568687,"BETUNE","meta"
NA,"Carbonyl compounds",7.01329131647654,"BETUNE","meta"
NA,"Glycosides",-0.424486076335644,"BETUNE","meta"
NA,"Organic acids and derivatives",-0.30274691305257,"BETUNE","meta"
NA,"Organoheterocyclic compounds",-0.273649795467046,"BETUNE","meta"
NA,"Phenylpropanoids and polyketides",1.6985779805767,"BETUNE","meta"
NA,"Prenol lipids, terpenoids",4.41193000901944,"BETUNE","meta"
NA,"Steroids and steroid derivatives",0.0556915369314245,"BETUNE","meta"
NA,"Alcohols and polyols",-0.464061066068875,"BETUX1","meta"
NA,"Benzenoids",-0.267066115657473,"BETUX1","meta"
NA,"Carbonyl compounds",3.64294647426813,"BETUX1","meta"
NA,"Glycosides",-0.460306300291335,"BETUX1","meta"
NA,"Organic acids and derivatives",-0.371280570303392,"BETUX1","meta"
NA,"Organoheterocyclic compounds",-0.285915268161718,"BETUX1","meta"
NA,"Phenylpropanoids and polyketides",0.659776564202225,"BETUX1","meta"
NA,"Prenol lipids, terpenoids",3.70514842366314,"BETUX1","meta"
NA,"Steroids and steroid derivatives",-0.145054223107714,"BETUX1","meta"
"Carpinus_caroliniana","Alcohols and polyols",0.683943967833765,"CARPCA","meta"
"Carpinus_caroliniana","Benzenoids",-0.498441715496064,"CARPCA","meta"
"Carpinus_caroliniana","Carbonyl compounds",-0.396313271351044,"CARPCA","meta"
"Carpinus_caroliniana","Glycosides",-0.372748336130793,"CARPCA","meta"
"Carpinus_caroliniana","Organic acids and derivatives",-0.0675759706743768,"CARPCA","meta"
"Carpinus_caroliniana","Organoheterocyclic compounds",-0.134949354386276,"CARPCA","meta"
"Carpinus_caroliniana","Phenylpropanoids and polyketides",-0.242711994264209,"CARPCA","meta"
"Carpinus_caroliniana","Prenol lipids, terpenoids",0.137857397146073,"CARPCA","meta"
"Carpinus_caroliniana","Steroids and steroid derivatives",-0.502066013182204,"CARPCA","meta"
"Carya_alba","Benzenoids",-0.259941889255386,"CARYAL","meta"
"Carya_alba","Carbonyl compounds",-0.319629485704737,"CARYAL","meta"
"Carya_alba","Glycosides",-0.350892613137287,"CARYAL","meta"
"Carya_alba","Organic acids and derivatives",-0.742768328668714,"CARYAL","meta"
"Carya_alba","Organoheterocyclic compounds",-0.592147356180192,"CARYAL","meta"
"Carya_alba","Phenylpropanoids and polyketides",-0.158863025482596,"CARYAL","meta"
"Carya_alba","Prenol lipids, terpenoids",-0.4403007454654,"CARYAL","meta"
"Carya_alba","Steroids and steroid derivatives",-0.585432799407034,"CARYAL","meta"
"Carya_cordiformis","Benzenoids",-0.265392931623235,"CARYCO","meta"
"Carya_cordiformis","Carbonyl compounds",-0.30418739444795,"CARYCO","meta"
"Carya_cordiformis","Glycosides",-0.356751479665792,"CARYCO","meta"
"Carya_cordiformis","Organic acids and derivatives",0.0351441461685884,"CARYCO","meta"
"Carya_cordiformis","Organoheterocyclic compounds",-0.413047133605806,"CARYCO","meta"
"Carya_cordiformis","Phenylpropanoids and polyketides",-0.486049208471864,"CARYCO","meta"
"Carya_cordiformis","Prenol lipids, terpenoids",-0.549955493580801,"CARYCO","meta"
"Carya_cordiformis","Steroids and steroid derivatives",-0.518190732518617,"CARYCO","meta"
"Carya_glabra","Alcohols and polyols",-0.843325835641127,"CARYGL","meta"
"Carya_glabra","Benzenoids",0.297680857682189,"CARYGL","meta"
"Carya_glabra","Carbonyl compounds",-0.187160891750457,"CARYGL","meta"
"Carya_glabra","Glycosides",0.515848465315103,"CARYGL","meta"
"Carya_glabra","Organic acids and derivatives",1.09830825653356,"CARYGL","meta"
"Carya_glabra","Organoheterocyclic compounds",-0.0186616837361833,"CARYGL","meta"
"Carya_glabra","Phenylpropanoids and polyketides",0.791961334252636,"CARYGL","meta"
"Carya_glabra","Prenol lipids, terpenoids",-0.382444673901903,"CARYGL","meta"
"Carya_glabra","Steroids and steroid derivatives",-0.315215279925824,"CARYGL","meta"
NA,"Benzenoids",-0.546362046180076,"CARYO1","meta"
NA,"Carbonyl compounds",-0.371779268057648,"CARYO1","meta"
NA,"Glycosides",-0.471378150697563,"CARYO1","meta"
NA,"Organic acids and derivatives",-0.489570613796811,"CARYO1","meta"
NA,"Organoheterocyclic compounds",-0.643268914009631,"CARYO1","meta"
NA,"Phenylpropanoids and polyketides",-0.64584212254793,"CARYO1","meta"
NA,"Prenol lipids, terpenoids",-0.573934396180673,"CARYO1","meta"
NA,"Steroids and steroid derivatives",-0.540025616105002,"CARYO1","meta"
"Carya_ovata","Alcohols and polyols",-0.794681173838323,"CARYO2","meta"
"Carya_ovata","Benzenoids",-0.291987312223006,"CARYO2","meta"
"Carya_ovata","Carbonyl compounds",-0.372865540231104,"CARYO2","meta"
"Carya_ovata","Glycosides",0.283244442539791,"CARYO2","meta"
"Carya_ovata","Organic acids and derivatives",-0.277750641012461,"CARYO2","meta"
"Carya_ovata","Organoheterocyclic compounds",-0.198802512326479,"CARYO2","meta"
"Carya_ovata","Phenylpropanoids and polyketides",0.0991639135987261,"CARYO2","meta"
"Carya_ovata","Prenol lipids, terpenoids",-0.537414670832365,"CARYO2","meta"
"Carya_ovata","Steroids and steroid derivatives",-0.47725668946224,"CARYO2","meta"
"Carya_texana","Benzenoids",-0.437699847795883,"CARYTE","meta"
"Carya_texana","Carbonyl compounds",-0.429879965457875,"CARYTE","meta"
"Carya_texana","Glycosides",-0.186684912169796,"CARYTE","meta"
"Carya_texana","Organic acids and derivatives",-0.584060165969498,"CARYTE","meta"
"Carya_texana","Organoheterocyclic compounds",-0.569950155282163,"CARYTE","meta"
"Carya_texana","Phenylpropanoids and polyketides",-0.312280610211234,"CARYTE","meta"
"Carya_texana","Prenol lipids, terpenoids",-0.588518976038035,"CARYTE","meta"
"Carya_tomentosa","Alcohols and polyols",-0.838073636788243,"CARYTO","meta"
"Carya_tomentosa","Benzenoids",-0.324291039467195,"CARYTO","meta"
"Carya_tomentosa","Carbonyl compounds",-0.291670962584952,"CARYTO","meta"
"Carya_tomentosa","Glycosides",-0.285354378082984,"CARYTO","meta"
"Carya_tomentosa","Organic acids and derivatives",-0.0573935015112905,"CARYTO","meta"
"Carya_tomentosa","Organoheterocyclic compounds",-0.425745767555215,"CARYTO","meta"
"Carya_tomentosa","Phenylpropanoids and polyketides",0.0447886066118604,"CARYTO","meta"
"Carya_tomentosa","Prenol lipids, terpenoids",-0.452731800167355,"CARYTO","meta"
"Carya_tomentosa","Steroids and steroid derivatives",-0.53436902707488,"CARYTO","meta"
NA,"Alcohols and polyols",-0.647700954536944,"CASTDE","meta"
NA,"Benzenoids",-0.555481168444661,"CASTDE","meta"
NA,"Carbonyl compounds",0.200452794214496,"CASTDE","meta"
NA,"Glycosides",-0.490931989145419,"CASTDE","meta"
NA,"Organic acids and derivatives",-0.936788158492447,"CASTDE","meta"
NA,"Organoheterocyclic compounds",-0.637911254459925,"CASTDE","meta"
NA,"Phenylpropanoids and polyketides",-0.793816810720352,"CASTDE","meta"
NA,"Prenol lipids, terpenoids",-0.42905826358379,"CASTDE","meta"
NA,"Steroids and steroid derivatives",-0.528173189995677,"CASTDE","meta"
"Celtis_occidentalis","Benzenoids",-0.0087420923260642,"CELTOC","meta"
"Celtis_occidentalis","Carbonyl compounds",-0.446499289724202,"CELTOC","meta"
"Celtis_occidentalis","Glycosides",0.0532910571901658,"CELTOC","meta"
"Celtis_occidentalis","Organic acids and derivatives",-0.708071065321463,"CELTOC","meta"
"Celtis_occidentalis","Organoheterocyclic compounds",-0.548035660434133,"CELTOC","meta"
"Celtis_occidentalis","Phenylpropanoids and polyketides",-0.407773008742437,"CELTOC","meta"
"Celtis_occidentalis","Prenol lipids, terpenoids",-0.475428766364933,"CELTOC","meta"
"Celtis_occidentalis","Steroids and steroid derivatives",-0.496859044639693,"CELTOC","meta"
"Celtis_tenuifolia","Benzenoids",-0.393898961905884,"CELTTE","meta"
"Celtis_tenuifolia","Glycosides",-0.254526102598966,"CELTTE","meta"
"Celtis_tenuifolia","Organic acids and derivatives",-0.868294397119022,"CELTTE","meta"
"Celtis_tenuifolia","Organoheterocyclic compounds",-0.686976036688716,"CELTTE","meta"
"Celtis_tenuifolia","Phenylpropanoids and polyketides",-0.160117193669007,"CELTTE","meta"
"Celtis_tenuifolia","Prenol lipids, terpenoids",-0.607360030632208,"CELTTE","meta"
"Celtis_tenuifolia","Steroids and steroid derivatives",-0.562899494191359,"CELTTE","meta"
"Cephalanthus_occidentalis","Alcohols and polyols",-0.547148938549002,"CEPHOC","meta"
"Cephalanthus_occidentalis","Benzenoids",-0.325459057258633,"CEPHOC","meta"
"Cephalanthus_occidentalis","Carbonyl compounds",-0.436122507398639,"CEPHOC","meta"
"Cephalanthus_occidentalis","Glycosides",-0.58375659619802,"CEPHOC","meta"
"Cephalanthus_occidentalis","Organic acids and derivatives",-0.537052182807115,"CEPHOC","meta"
"Cephalanthus_occidentalis","Organoheterocyclic compounds",1.50248303219196,"CEPHOC","meta"
"Cephalanthus_occidentalis","Phenylpropanoids and polyketides",-0.619559671827803,"CEPHOC","meta"
"Cephalanthus_occidentalis","Prenol lipids, terpenoids",-0.640752471813016,"CEPHOC","meta"
"Cephalanthus_occidentalis","Steroids and steroid derivatives",-0.389912994419932,"CEPHOC","meta"
"Cercis_canadensis","Alcohols and polyols",-0.47188760358893,"CERCCA","meta"
"Cercis_canadensis","Benzenoids",-0.336359899672444,"CERCCA","meta"
"Cercis_canadensis","Carbonyl compounds",-0.435841554581552,"CERCCA","meta"
"Cercis_canadensis","Glycosides",-0.358524094861901,"CERCCA","meta"
"Cercis_canadensis","Organic acids and derivatives",-0.505917595651633,"CERCCA","meta"
"Cercis_canadensis","Organoheterocyclic compounds",-0.625635654459561,"CERCCA","meta"
"Cercis_canadensis","Phenylpropanoids and polyketides",0.0497140275493085,"CERCCA","meta"
"Cercis_canadensis","Prenol lipids, terpenoids",-0.491171619365522,"CERCCA","meta"
"Cercis_canadensis","Steroids and steroid derivatives",-0.552293647578322,"CERCCA","meta"
NA,"Benzenoids",-0.477682726901549,"CERCLE","meta"
NA,"Glycosides",-0.354273234952851,"CERCLE","meta"
NA,"Organic acids and derivatives",-0.529823538144076,"CERCLE","meta"
NA,"Organoheterocyclic compounds",-0.767278346966623,"CERCLE","meta"
NA,"Phenylpropanoids and polyketides",-0.508286139694633,"CERCLE","meta"
NA,"Prenol lipids, terpenoids",-0.17642056605383,"CERCLE","meta"
NA,"Steroids and steroid derivatives",-0.556499344449166,"CERCLE","meta"
NA,"Alcohols and polyols",-0.355792188863651,"CHIOVI","meta"
NA,"Benzenoids",0.594962094862606,"CHIOVI","meta"
NA,"Carbonyl compounds",-0.304056122312899,"CHIOVI","meta"
NA,"Glycosides",0.0184956712761796,"CHIOVI","meta"
NA,"Organic acids and derivatives",-0.209627128269546,"CHIOVI","meta"
NA,"Organoheterocyclic compounds",-0.449503063740951,"CHIOVI","meta"
NA,"Phenylpropanoids and polyketides",-0.0264197641718481,"CHIOVI","meta"
NA,"Prenol lipids, terpenoids",-0.524396242753441,"CHIOVI","meta"
NA,"Steroids and steroid derivatives",-0.455845298455134,"CHIOVI","meta"
NA,"Alcohols and polyols",-0.301792021409324,"CORNAL","meta"
NA,"Benzenoids",-0.524163304590361,"CORNAL","meta"
NA,"Carbonyl compounds",-0.440923626163862,"CORNAL","meta"
NA,"Glycosides",4.50358594067752,"CORNAL","meta"
NA,"Organic acids and derivatives",-0.772982409335617,"CORNAL","meta"
NA,"Organoheterocyclic compounds",0.922880043651286,"CORNAL","meta"
NA,"Phenylpropanoids and polyketides",-0.442419585320803,"CORNAL","meta"
NA,"Prenol lipids, terpenoids",-0.54542812659806,"CORNAL","meta"
NA,"Steroids and steroid derivatives",-0.0125927971956255,"CORNAL","meta"
NA,"Alcohols and polyols",-0.617254229419647,"CORNAM","meta"
NA,"Benzenoids",-0.624833801265518,"CORNAM","meta"
NA,"Glycosides",-0.50070958404806,"CORNAM","meta"
NA,"Organic acids and derivatives",-0.802180570505953,"CORNAM","meta"
NA,"Organoheterocyclic compounds",-0.688485640617233,"CORNAM","meta"
NA,"Phenylpropanoids and polyketides",-0.606156032013823,"CORNAM","meta"
NA,"Prenol lipids, terpenoids",-0.598726129314677,"CORNAM","meta"
NA,"Steroids and steroid derivatives",-0.294888116151877,"CORNAM","meta"
"Cornus_drummondii","Alcohols and polyols",-0.329016752369725,"CORNDR","meta"
"Cornus_drummondii","Benzenoids",-0.474028507592072,"CORNDR","meta"
"Cornus_drummondii","Glycosides",0.442584056047613,"CORNDR","meta"
"Cornus_drummondii","Organic acids and derivatives",-0.804298309618803,"CORNDR","meta"
"Cornus_drummondii","Organoheterocyclic compounds",-0.756362421773714,"CORNDR","meta"
"Cornus_drummondii","Phenylpropanoids and polyketides",-0.5535427302578,"CORNDR","meta"
"Cornus_drummondii","Prenol lipids, terpenoids",-0.58121877243579,"CORNDR","meta"
"Cornus_drummondii","Steroids and steroid derivatives",-0.461183550208339,"CORNDR","meta"
"Cornus_florida","Alcohols and polyols",0.96368726679092,"CORNFL","meta"
"Cornus_florida","Benzenoids",2.77538357873866,"CORNFL","meta"
"Cornus_florida","Carbonyl compounds",-0.259622990449801,"CORNFL","meta"
"Cornus_florida","Glycosides",1.07219206124687,"CORNFL","meta"
"Cornus_florida","Organic acids and derivatives",4.43171244003571,"CORNFL","meta"
"Cornus_florida","Organoheterocyclic compounds",-0.161363545244694,"CORNFL","meta"
"Cornus_florida","Phenylpropanoids and polyketides",1.97619772157771,"CORNFL","meta"
"Cornus_florida","Prenol lipids, terpenoids",0.33400192673715,"CORNFL","meta"
"Cornus_florida","Steroids and steroid derivatives",0.165770790363773,"CORNFL","meta"
"Cornus_nuttallii","Alcohols and polyols",0.111620033097798,"CORNNU","meta"
"Cornus_nuttallii","Benzenoids",-0.334907631315735,"CORNNU","meta"
"Cornus_nuttallii","Carbonyl compounds",-0.418695715802743,"CORNNU","meta"
"Cornus_nuttallii","Glycosides",-0.451302092144444,"CORNNU","meta"
"Cornus_nuttallii","Organic acids and derivatives",-0.849142578194203,"CORNNU","meta"
"Cornus_nuttallii","Organoheterocyclic compounds",-0.614474797781068,"CORNNU","meta"
"Cornus_nuttallii","Phenylpropanoids and polyketides",-0.57214201304099,"CORNNU","meta"
"Cornus_nuttallii","Prenol lipids, terpenoids",-0.277703074955844,"CORNNU","meta"
"Cornus_nuttallii","Steroids and steroid derivatives",-0.473910991925729,"CORNNU","meta"
NA,"Alcohols and polyols",0.396351111755995,"CORYAM","meta"
NA,"Benzenoids",-0.44915763384272,"CORYAM","meta"
NA,"Carbonyl compounds",0.624159676166896,"CORYAM","meta"
NA,"Glycosides",-0.431916004206566,"CORYAM","meta"
NA,"Organic acids and derivatives",-0.290217787520165,"CORYAM","meta"
NA,"Organoheterocyclic compounds",-0.495821869185882,"CORYAM","meta"
NA,"Phenylpropanoids and polyketides",-0.312067644542079,"CORYAM","meta"
NA,"Prenol lipids, terpenoids",1.18364959826405,"CORYAM","meta"
NA,"Steroids and steroid derivatives",-0.316743178648004,"CORYAM","meta"
"Corylus_cornuta","Alcohols and polyols",-0.67727658252909,"CORYCO","meta"
"Corylus_cornuta","Benzenoids",-0.603551639759096,"CORYCO","meta"
"Corylus_cornuta","Carbonyl compounds",-0.447378885902664,"CORYCO","meta"
"Corylus_cornuta","Glycosides",-0.501125350996303,"CORYCO","meta"
"Corylus_cornuta","Organic acids and derivatives",-0.948079071982739,"CORYCO","meta"
"Corylus_cornuta","Organoheterocyclic compounds",-0.671106695315003,"CORYCO","meta"
"Corylus_cornuta","Phenylpropanoids and polyketides",-0.474030157149916,"CORYCO","meta"
"Corylus_cornuta","Prenol lipids, terpenoids",-0.576022146346707,"CORYCO","meta"
"Corylus_cornuta","Steroids and steroid derivatives",-0.577535943039481,"CORYCO","meta"
NA,"Alcohols and polyols",-0.645227764695456,"CRATS1","meta"
NA,"Benzenoids",-0.575803710848795,"CRATS1","meta"
NA,"Glycosides",0.65064269079157,"CRATS1","meta"
NA,"Organic acids and derivatives",0.394277683619549,"CRATS1","meta"
NA,"Organoheterocyclic compounds",-0.620841104618323,"CRATS1","meta"
NA,"Phenylpropanoids and polyketides",-0.303198287203675,"CRATS1","meta"
NA,"Prenol lipids, terpenoids",-0.607609829158233,"CRATS1","meta"
NA,"Steroids and steroid derivatives",-0.566593891605183,"CRATS1","meta"
"Diospyros_virginiana","Alcohols and polyols",-0.141683942874061,"DIO2VI","meta"
"Diospyros_virginiana","Benzenoids",0.156836786439802,"DIO2VI","meta"
"Diospyros_virginiana","Carbonyl compounds",-0.44049472726517,"DIO2VI","meta"
"Diospyros_virginiana","Glycosides",-0.364440849539751,"DIO2VI","meta"
"Diospyros_virginiana","Organic acids and derivatives",-0.260875328945215,"DIO2VI","meta"
"Diospyros_virginiana","Organoheterocyclic compounds",-0.122556989583599,"DIO2VI","meta"
"Diospyros_virginiana","Phenylpropanoids and polyketides",1.18052436195299,"DIO2VI","meta"
"Diospyros_virginiana","Prenol lipids, terpenoids",-0.494217775181663,"DIO2VI","meta"
"Diospyros_virginiana","Steroids and steroid derivatives",0.367214176878162,"DIO2VI","meta"
"Elaeagnus_angustifolia","Benzenoids",-0.574866978706685,"ELAEAN","meta"
"Elaeagnus_angustifolia","Carbonyl compounds",-0.441223784557331,"ELAEAN","meta"
"Elaeagnus_angustifolia","Glycosides",0.13273728930773,"ELAEAN","meta"
"Elaeagnus_angustifolia","Organic acids and derivatives",-0.666987491601492,"ELAEAN","meta"
"Elaeagnus_angustifolia","Organoheterocyclic compounds",-0.311849697313505,"ELAEAN","meta"
"Elaeagnus_angustifolia","Phenylpropanoids and polyketides",2.68239128771558,"ELAEAN","meta"
"Elaeagnus_angustifolia","Prenol lipids, terpenoids",-0.552096684120443,"ELAEAN","meta"
"Elaeagnus_angustifolia","Steroids and steroid derivatives",-0.581965584700993,"ELAEAN","meta"
NA,"Alcohols and polyols",-0.833980682344682,"ELAEUM","meta"
NA,"Benzenoids",-0.547386905407574,"ELAEUM","meta"
NA,"Carbonyl compounds",-0.377837797786552,"ELAEUM","meta"
NA,"Glycosides",-0.451460169620879,"ELAEUM","meta"
NA,"Organic acids and derivatives",0.164659455560356,"ELAEUM","meta"
NA,"Organoheterocyclic compounds",-0.0820373042601765,"ELAEUM","meta"
NA,"Phenylpropanoids and polyketides",0.611332234842975,"ELAEUM","meta"
NA,"Prenol lipids, terpenoids",0.532069798333214,"ELAEUM","meta"
NA,"Steroids and steroid derivatives",-0.481042513400699,"ELAEUM","meta"
NA,"Alcohols and polyols",-0.822895065452968,"EUONAL","meta"
NA,"Benzenoids",-0.687954969951164,"EUONAL","meta"
NA,"Glycosides",-0.54236588593845,"EUONAL","meta"
NA,"Organic acids and derivatives",-0.734113647975712,"EUONAL","meta"
NA,"Organoheterocyclic compounds",-0.810786199990014,"EUONAL","meta"
NA,"Phenylpropanoids and polyketides",-0.8100541442024,"EUONAL","meta"
NA,"Prenol lipids, terpenoids",-0.606938619573655,"EUONAL","meta"
"Fagus_grandifolia","Alcohols and polyols",4.7439953361249,"FAGUGR","meta"
"Fagus_grandifolia","Benzenoids",1.54023566943611,"FAGUGR","meta"
"Fagus_grandifolia","Glycosides",-0.586188963893557,"FAGUGR","meta"
"Fagus_grandifolia","Organic acids and derivatives",0.27219857866861,"FAGUGR","meta"
"Fagus_grandifolia","Organoheterocyclic compounds",0.475458783526572,"FAGUGR","meta"
"Fagus_grandifolia","Phenylpropanoids and polyketides",3.23684514148456,"FAGUGR","meta"
"Fagus_grandifolia","Prenol lipids, terpenoids",-0.522179155989684,"FAGUGR","meta"
"Fagus_grandifolia","Steroids and steroid derivatives",0.0267150070685273,"FAGUGR","meta"
"Frangula_caroliniana","Benzenoids",-0.618228573719086,"FRANCA","meta"
"Frangula_caroliniana","Glycosides",-0.30800309149084,"FRANCA","meta"
"Frangula_caroliniana","Organic acids and derivatives",-0.897989881111402,"FRANCA","meta"
"Frangula_caroliniana","Organoheterocyclic compounds",-0.738007840128395,"FRANCA","meta"
"Frangula_caroliniana","Phenylpropanoids and polyketides",-0.680314456791078,"FRANCA","meta"
"Frangula_caroliniana","Prenol lipids, terpenoids",-0.565806301207176,"FRANCA","meta"
"Frangula_caroliniana","Steroids and steroid derivatives",-0.569861650858434,"FRANCA","meta"
"Fraxinus_americana","Alcohols and polyols",0.0501035207158635,"FRAXAM","meta"
"Fraxinus_americana","Benzenoids",1.34976692817417,"FRAXAM","meta"
"Fraxinus_americana","Carbonyl compounds",0.0504862284017063,"FRAXAM","meta"
"Fraxinus_americana","Glycosides",0.412983595759852,"FRAXAM","meta"
"Fraxinus_americana","Organic acids and derivatives",2.53561291806186,"FRAXAM","meta"
"Fraxinus_americana","Organoheterocyclic compounds",0.178489268497528,"FRAXAM","meta"
"Fraxinus_americana","Phenylpropanoids and polyketides",0.822866671193545,"FRAXAM","meta"
"Fraxinus_americana","Prenol lipids, terpenoids",-0.10882835728217,"FRAXAM","meta"
"Fraxinus_americana","Steroids and steroid derivatives",-0.0769830020156976,"FRAXAM","meta"
NA,"Alcohols and polyols",-0.23661264945972,"FRAXNI","meta"
NA,"Benzenoids",0.309375363375398,"FRAXNI","meta"
NA,"Carbonyl compounds",-0.388142326505485,"FRAXNI","meta"
NA,"Glycosides",-0.183576861700177,"FRAXNI","meta"
NA,"Organic acids and derivatives",0.376191381352611,"FRAXNI","meta"
NA,"Organoheterocyclic compounds",-0.382533319870909,"FRAXNI","meta"
NA,"Phenylpropanoids and polyketides",-0.31914324146411,"FRAXNI","meta"
NA,"Prenol lipids, terpenoids",-0.531495512182648,"FRAXNI","meta"
NA,"Steroids and steroid derivatives",-0.43977795488841,"FRAXNI","meta"
"Fraxinus_pennsylvanica","Alcohols and polyols",-0.544413759503577,"FRAXPE","meta"
"Fraxinus_pennsylvanica","Benzenoids",0.718847637163801,"FRAXPE","meta"
"Fraxinus_pennsylvanica","Carbonyl compounds",-0.152900139856091,"FRAXPE","meta"
"Fraxinus_pennsylvanica","Glycosides",0.0118672108388331,"FRAXPE","meta"
"Fraxinus_pennsylvanica","Organic acids and derivatives",1.71293627248307,"FRAXPE","meta"
"Fraxinus_pennsylvanica","Organoheterocyclic compounds",-0.168995491898516,"FRAXPE","meta"
"Fraxinus_pennsylvanica","Phenylpropanoids and polyketides",0.545229062753998,"FRAXPE","meta"
"Fraxinus_pennsylvanica","Prenol lipids, terpenoids",-0.457458593389528,"FRAXPE","meta"
"Fraxinus_pennsylvanica","Steroids and steroid derivatives",-0.453622112166541,"FRAXPE","meta"
NA,"Alcohols and polyols",2.8784827004604,"GAULSH","meta"
NA,"Benzenoids",-0.358658985984211,"GAULSH","meta"
NA,"Glycosides",-0.287127459952396,"GAULSH","meta"
NA,"Organic acids and derivatives",-0.740961881823434,"GAULSH","meta"
NA,"Organoheterocyclic compounds",-0.584453266869924,"GAULSH","meta"
NA,"Phenylpropanoids and polyketides",-0.414225837978514,"GAULSH","meta"
NA,"Prenol lipids, terpenoids",-0.430977771308511,"GAULSH","meta"
NA,"Steroids and steroid derivatives",-0.492627831607636,"GAULSH","meta"
"Gleditsia_triacanthos","Alcohols and polyols",-0.655233113019707,"GLEDTR","meta"
"Gleditsia_triacanthos","Benzenoids",-0.444041594106886,"GLEDTR","meta"
"Gleditsia_triacanthos","Carbonyl compounds",-0.40163493668062,"GLEDTR","meta"
"Gleditsia_triacanthos","Glycosides",-0.327066359006526,"GLEDTR","meta"
"Gleditsia_triacanthos","Organic acids and derivatives",0.175422866837557,"GLEDTR","meta"
"Gleditsia_triacanthos","Organoheterocyclic compounds",-0.594342722790621,"GLEDTR","meta"
"Gleditsia_triacanthos","Phenylpropanoids and polyketides",-0.255995400182618,"GLEDTR","meta"
"Gleditsia_triacanthos","Prenol lipids, terpenoids",0.474081736749435,"GLEDTR","meta"
"Gleditsia_triacanthos","Steroids and steroid derivatives",-0.517304223371546,"GLEDTR","meta"
NA,"Alcohols and polyols",0.160448323755058,"HAMAVI","meta"
NA,"Benzenoids",-0.286572202355365,"HAMAVI","meta"
NA,"Carbonyl compounds",-0.429621505179442,"HAMAVI","meta"
NA,"Glycosides",-0.63077847847093,"HAMAVI","meta"
NA,"Organic acids and derivatives",-0.750744992229975,"HAMAVI","meta"
NA,"Organoheterocyclic compounds",-0.594109529238529,"HAMAVI","meta"
NA,"Phenylpropanoids and polyketides",-0.449473630061691,"HAMAVI","meta"
NA,"Prenol lipids, terpenoids",-0.356900615743548,"HAMAVI","meta"
NA,"Steroids and steroid derivatives",-0.408379024898863,"HAMAVI","meta"
"Holodiscus_discolor","Alcohols and polyols",-0.618806925011239,"HOLODI","meta"
"Holodiscus_discolor","Benzenoids",-0.620189856834906,"HOLODI","meta"
"Holodiscus_discolor","Glycosides",-0.193833664516393,"HOLODI","meta"
"Holodiscus_discolor","Organic acids and derivatives",-0.250934357807433,"HOLODI","meta"
"Holodiscus_discolor","Organoheterocyclic compounds",-0.415432197830975,"HOLODI","meta"
"Holodiscus_discolor","Phenylpropanoids and polyketides",-0.439650555206051,"HOLODI","meta"
"Holodiscus_discolor","Prenol lipids, terpenoids",-0.648889853670877,"HOLODI","meta"
"Holodiscus_discolor","Steroids and steroid derivatives",-0.530522297248128,"HOLODI","meta"
"Ilex_opaca","Alcohols and polyols",-0.697304976240463,"ILEXOP","meta"
"Ilex_opaca","Benzenoids",-0.398831446743396,"ILEXOP","meta"
"Ilex_opaca","Glycosides",0.103293458355896,"ILEXOP","meta"
"Ilex_opaca","Organic acids and derivatives",-0.599638266163273,"ILEXOP","meta"
"Ilex_opaca","Organoheterocyclic compounds",-0.501440633387307,"ILEXOP","meta"
"Ilex_opaca","Phenylpropanoids and polyketides",-0.605150028365996,"ILEXOP","meta"
"Ilex_opaca","Prenol lipids, terpenoids",-0.590090465246318,"ILEXOP","meta"
"Ilex_opaca","Steroids and steroid derivatives",-0.567188227693633,"ILEXOP","meta"
"Ilex_verticillata","Alcohols and polyols",1.05859147704796,"ILEXVE","meta"
"Ilex_verticillata","Benzenoids",1.03095581932339,"ILEXVE","meta"
"Ilex_verticillata","Carbonyl compounds",-0.321811670677486,"ILEXVE","meta"
"Ilex_verticillata","Glycosides",2.4147697753185,"ILEXVE","meta"
"Ilex_verticillata","Organic acids and derivatives",2.43595803117229,"ILEXVE","meta"
"Ilex_verticillata","Organoheterocyclic compounds",0.954888886410942,"ILEXVE","meta"
"Ilex_verticillata","Phenylpropanoids and polyketides",5.81982134655308,"ILEXVE","meta"
"Ilex_verticillata","Prenol lipids, terpenoids",-0.0218215325905232,"ILEXVE","meta"
"Ilex_verticillata","Steroids and steroid derivatives",-0.0929190171212342,"ILEXVE","meta"
NA,"Benzenoids",-0.50285249039743,"JUGLCI","meta"
NA,"Carbonyl compounds",-0.366380413704772,"JUGLCI","meta"
NA,"Glycosides",-0.344932898266448,"JUGLCI","meta"
NA,"Organic acids and derivatives",-0.602065346628008,"JUGLCI","meta"
NA,"Organoheterocyclic compounds",-0.354665446630919,"JUGLCI","meta"
NA,"Phenylpropanoids and polyketides",-0.0887725981035916,"JUGLCI","meta"
NA,"Prenol lipids, terpenoids",0.359465465891914,"JUGLCI","meta"
NA,"Steroids and steroid derivatives",-0.539649205249098,"JUGLCI","meta"
"Juglans_nigra","Alcohols and polyols",-0.337255461743471,"JUGLNI","meta"
"Juglans_nigra","Benzenoids",-0.0682935697976088,"JUGLNI","meta"
"Juglans_nigra","Carbonyl compounds",-0.315090176327417,"JUGLNI","meta"
"Juglans_nigra","Glycosides",-0.151255944269265,"JUGLNI","meta"
"Juglans_nigra","Organic acids and derivatives",0.415369270307004,"JUGLNI","meta"
"Juglans_nigra","Organoheterocyclic compounds",-0.0486536660304062,"JUGLNI","meta"
"Juglans_nigra","Phenylpropanoids and polyketides",2.13024585125984,"JUGLNI","meta"
"Juglans_nigra","Prenol lipids, terpenoids",-0.334620624357638,"JUGLNI","meta"
"Juglans_nigra","Steroids and steroid derivatives",-0.494924484610711,"JUGLNI","meta"
NA,"Alcohols and polyols",0.844211980462143,"JUNICO","meta"
NA,"Benzenoids",-0.245391788766345,"JUNICO","meta"
NA,"Carbonyl compounds",-0.406742791402911,"JUNICO","meta"
NA,"Glycosides",0.563603889466379,"JUNICO","meta"
NA,"Organic acids and derivatives",0.256812116160886,"JUNICO","meta"
NA,"Organoheterocyclic compounds",0.0736699528580811,"JUNICO","meta"
NA,"Phenylpropanoids and polyketides",0.294109977502649,"JUNICO","meta"
NA,"Prenol lipids, terpenoids",-0.149804918099319,"JUNICO","meta"
NA,"Steroids and steroid derivatives",-0.335207552635222,"JUNICO","meta"
NA,"Alcohols and polyols",-0.529509161312537,"JUNISC","meta"
NA,"Benzenoids",-0.041768895425706,"JUNISC","meta"
NA,"Carbonyl compounds",-0.299670986088266,"JUNISC","meta"
NA,"Glycosides",-0.558704185744629,"JUNISC","meta"
NA,"Organic acids and derivatives",0.842249917229819,"JUNISC","meta"
NA,"Organoheterocyclic compounds",0.508842701702231,"JUNISC","meta"
NA,"Phenylpropanoids and polyketides",1.22599143329566,"JUNISC","meta"
NA,"Prenol lipids, terpenoids",1.31766744702614,"JUNISC","meta"
NA,"Steroids and steroid derivatives",1.97520764990973,"JUNISC","meta"
"Juniperus_virginiana","Alcohols and polyols",-0.224810988860653,"JUNIVI","meta"
"Juniperus_virginiana","Benzenoids",0.502051113856501,"JUNIVI","meta"
"Juniperus_virginiana","Carbonyl compounds",-0.178262345865109,"JUNIVI","meta"
"Juniperus_virginiana","Glycosides",-0.0527608570640452,"JUNIVI","meta"
"Juniperus_virginiana","Organic acids and derivatives",1.77497737038947,"JUNIVI","meta"
"Juniperus_virginiana","Organoheterocyclic compounds",2.84151624215732,"JUNIVI","meta"
"Juniperus_virginiana","Phenylpropanoids and polyketides",1.15047285222721,"JUNIVI","meta"
"Juniperus_virginiana","Prenol lipids, terpenoids",1.49694350115971,"JUNIVI","meta"
"Juniperus_virginiana","Steroids and steroid derivatives",2.77965236357937,"JUNIVI","meta"
"Kalmia_latifolia","Alcohols and polyols",-0.13455446989837,"KALMLA","meta"
"Kalmia_latifolia","Benzenoids",-0.41967966035911,"KALMLA","meta"
"Kalmia_latifolia","Carbonyl compounds",1.26409076573445,"KALMLA","meta"
"Kalmia_latifolia","Glycosides",0.0523785466602377,"KALMLA","meta"
"Kalmia_latifolia","Organic acids and derivatives",-0.999624170201887,"KALMLA","meta"
"Kalmia_latifolia","Organoheterocyclic compounds",-0.569958092258825,"KALMLA","meta"
"Kalmia_latifolia","Phenylpropanoids and polyketides",-0.1038679138767,"KALMLA","meta"
"Kalmia_latifolia","Prenol lipids, terpenoids",-0.565427871357818,"KALMLA","meta"
"Kalmia_latifolia","Steroids and steroid derivatives",-0.306967309991531,"KALMLA","meta"
NA,"Alcohols and polyols",-0.324360411772726,"LARILA","meta"
NA,"Benzenoids",-0.115819408537463,"LARILA","meta"
NA,"Carbonyl compounds",0.511900627294244,"LARILA","meta"
NA,"Glycosides",-0.44877429200227,"LARILA","meta"
NA,"Organic acids and derivatives",0.612020470166652,"LARILA","meta"
NA,"Organoheterocyclic compounds",0.270458395727988,"LARILA","meta"
NA,"Phenylpropanoids and polyketides",-0.656441549351629,"LARILA","meta"
NA,"Prenol lipids, terpenoids",2.84411011871563,"LARILA","meta"
NA,"Steroids and steroid derivatives",1.06774557476931,"LARILA","meta"
NA,"Alcohols and polyols",-0.217608697828254,"LIGUS1","meta"
NA,"Benzenoids",4.72239677089804,"LIGUS1","meta"
NA,"Carbonyl compounds",-0.275873005124716,"LIGUS1","meta"
NA,"Glycosides",0.708103608582917,"LIGUS1","meta"
NA,"Organic acids and derivatives",0.637601695086396,"LIGUS1","meta"
NA,"Organoheterocyclic compounds",-0.060556912715071,"LIGUS1","meta"
NA,"Phenylpropanoids and polyketides",1.42343834192328,"LIGUS1","meta"
NA,"Prenol lipids, terpenoids",-0.586630967200369,"LIGUS1","meta"
"Lindera_benzoin","Alcohols and polyols",2.49252569556012,"LINDBE","meta"
"Lindera_benzoin","Benzenoids",5.956388357119,"LINDBE","meta"
"Lindera_benzoin","Carbonyl compounds",1.38180207028779,"LINDBE","meta"
"Lindera_benzoin","Glycosides",-0.511302940247725,"LINDBE","meta"
"Lindera_benzoin","Organic acids and derivatives",0.937970887549074,"LINDBE","meta"
"Lindera_benzoin","Organoheterocyclic compounds",1.81009604724544,"LINDBE","meta"
"Lindera_benzoin","Phenylpropanoids and polyketides",-0.458596897119974,"LINDBE","meta"
"Lindera_benzoin","Prenol lipids, terpenoids",0.0801140835317824,"LINDBE","meta"
"Lindera_benzoin","Steroids and steroid derivatives",-0.240343747753073,"LINDBE","meta"
"Liquidambar_styraciflua","Alcohols and polyols",-0.508585617496992,"LIQUST","meta"
"Liquidambar_styraciflua","Benzenoids",-0.0382109713233646,"LIQUST","meta"
"Liquidambar_styraciflua","Carbonyl compounds",-0.27666068866874,"LIQUST","meta"
"Liquidambar_styraciflua","Glycosides",-0.599984672361035,"LIQUST","meta"
"Liquidambar_styraciflua","Organic acids and derivatives",-0.761000099239005,"LIQUST","meta"
"Liquidambar_styraciflua","Organoheterocyclic compounds",-0.46652329128742,"LIQUST","meta"
"Liquidambar_styraciflua","Phenylpropanoids and polyketides",0.898866882896896,"LIQUST","meta"
"Liquidambar_styraciflua","Prenol lipids, terpenoids",-0.286026586546057,"LIQUST","meta"
"Liquidambar_styraciflua","Steroids and steroid derivatives",-0.544538179287406,"LIQUST","meta"
"Liriodendron_tulipifera","Alcohols and polyols",-0.207226565841445,"LIRITU","meta"
"Liriodendron_tulipifera","Benzenoids",-0.158941707226376,"LIRITU","meta"
"Liriodendron_tulipifera","Carbonyl compounds",-0.146694763967221,"LIRITU","meta"
"Liriodendron_tulipifera","Glycosides",-0.5829496963086,"LIRITU","meta"
"Liriodendron_tulipifera","Organic acids and derivatives",-0.362412293856734,"LIRITU","meta"
"Liriodendron_tulipifera","Organoheterocyclic compounds",0.465435157726708,"LIRITU","meta"
"Liriodendron_tulipifera","Phenylpropanoids and polyketides",-0.40894502728163,"LIRITU","meta"
"Liriodendron_tulipifera","Prenol lipids, terpenoids",-0.25214697529486,"LIRITU","meta"
"Liriodendron_tulipifera","Steroids and steroid derivatives",-0.521194053622752,"LIRITU","meta"
"Lonicera_maackii","Alcohols and polyols",0.602141532388908,"LONIMA","meta"
"Lonicera_mackii","Alcohols and polyols",0.602141532388908,"LONIMA","meta"
"Lonicera_maackii","Benzenoids",1.06490178930957,"LONIMA","meta"
"Lonicera_mackii","Benzenoids",1.06490178930957,"LONIMA","meta"
"Lonicera_maackii","Carbonyl compounds",0.598088761603489,"LONIMA","meta"
"Lonicera_mackii","Carbonyl compounds",0.598088761603489,"LONIMA","meta"
"Lonicera_maackii","Glycosides",-0.179989532828186,"LONIMA","meta"
"Lonicera_mackii","Glycosides",-0.179989532828186,"LONIMA","meta"
"Lonicera_maackii","Organic acids and derivatives",2.9591064372906,"LONIMA","meta"
"Lonicera_mackii","Organic acids and derivatives",2.9591064372906,"LONIMA","meta"
"Lonicera_maackii","Organoheterocyclic compounds",2.30640673948252,"LONIMA","meta"
"Lonicera_mackii","Organoheterocyclic compounds",2.30640673948252,"LONIMA","meta"
"Lonicera_maackii","Phenylpropanoids and polyketides",2.35652726316861,"LONIMA","meta"
"Lonicera_mackii","Phenylpropanoids and polyketides",2.35652726316861,"LONIMA","meta"
"Lonicera_maackii","Prenol lipids, terpenoids",-0.150975798478684,"LONIMA","meta"
"Lonicera_mackii","Prenol lipids, terpenoids",-0.150975798478684,"LONIMA","meta"
"Lonicera_maackii","Steroids and steroid derivatives",-0.542843618194823,"LONIMA","meta"
"Lonicera_mackii","Steroids and steroid derivatives",-0.542843618194823,"LONIMA","meta"
NA,"Alcohols and polyols",-0.369918459720818,"LONISP","meta"
NA,"Benzenoids",-0.364470029299644,"LONISP","meta"
NA,"Carbonyl compounds",-0.184029078072459,"LONISP","meta"
NA,"Glycosides",-0.567219310055202,"LONISP","meta"
NA,"Organic acids and derivatives",-0.399468922997249,"LONISP","meta"
NA,"Organoheterocyclic compounds",-0.289885721558151,"LONISP","meta"
NA,"Phenylpropanoids and polyketides",-0.558747349245232,"LONISP","meta"
NA,"Prenol lipids, terpenoids",-0.304602547485344,"LONISP","meta"
NA,"Steroids and steroid derivatives",-0.340283264748877,"LONISP","meta"
"Menziesia_ferruginea","Alcohols and polyols",-0.0134751224254932,"MENZFE","meta"
"Menziesia_ferruginea","Benzenoids",-0.495326836221548,"MENZFE","meta"
"Menziesia_ferruginea","Glycosides",-0.344208599575107,"MENZFE","meta"
"Menziesia_ferruginea","Organic acids and derivatives",-0.894625907295645,"MENZFE","meta"
"Menziesia_ferruginea","Organoheterocyclic compounds",-0.750850311797531,"MENZFE","meta"
"Menziesia_ferruginea","Phenylpropanoids and polyketides",-0.61955438268759,"MENZFE","meta"
"Menziesia_ferruginea","Prenol lipids, terpenoids",-0.618004067836405,"MENZFE","meta"
NA,"Alcohols and polyols",-0.359137678799111,"MORURU","meta"
NA,"Benzenoids",0.351080173004093,"MORURU","meta"
NA,"Carbonyl compounds",-0.436184224176453,"MORURU","meta"
NA,"Glycosides",0.933077829399217,"MORURU","meta"
NA,"Organic acids and derivatives",0.0333414635692228,"MORURU","meta"
NA,"Organoheterocyclic compounds",-0.364202369529431,"MORURU","meta"
NA,"Phenylpropanoids and polyketides",-0.544387768200011,"MORURU","meta"
NA,"Prenol lipids, terpenoids",-0.633431379297308,"MORURU","meta"
NA,"Steroids and steroid derivatives",0.433030068331216,"MORURU","meta"
"Nyssa_sylvatica","Alcohols and polyols",0.813279286684107,"NYSSSY","meta"
"Nyssa_sylvatica","Benzenoids",-0.422695298395567,"NYSSSY","meta"
"Nyssa_sylvatica","Carbonyl compounds",-0.345231331556634,"NYSSSY","meta"
"Nyssa_sylvatica","Glycosides",-0.44454348460687,"NYSSSY","meta"
"Nyssa_sylvatica","Organic acids and derivatives",-0.650349642525486,"NYSSSY","meta"
"Nyssa_sylvatica","Organoheterocyclic compounds",0.573949505664303,"NYSSSY","meta"
"Nyssa_sylvatica","Phenylpropanoids and polyketides",-0.0137782886096381,"NYSSSY","meta"
"Nyssa_sylvatica","Prenol lipids, terpenoids",-0.552159245496234,"NYSSSY","meta"
"Nyssa_sylvatica","Steroids and steroid derivatives",-0.54118823258585,"NYSSSY","meta"
"Ostrya_viriginiana","Alcohols and polyols",0.619215693304624,"OSTRVI","meta"
"Ostrya_viriginiana","Benzenoids",-0.191111458697697,"OSTRVI","meta"
"Ostrya_viriginiana","Carbonyl compounds",-0.331712488066934,"OSTRVI","meta"
"Ostrya_viriginiana","Glycosides",-0.241220257165462,"OSTRVI","meta"
"Ostrya_viriginiana","Organic acids and derivatives",-0.0898452790222172,"OSTRVI","meta"
"Ostrya_viriginiana","Organoheterocyclic compounds",-0.486778196189362,"OSTRVI","meta"
"Ostrya_viriginiana","Phenylpropanoids and polyketides",0.87101276360292,"OSTRVI","meta"
"Ostrya_viriginiana","Prenol lipids, terpenoids",0.0471635409988238,"OSTRVI","meta"
"Ostrya_viriginiana","Steroids and steroid derivatives",-0.210315106788357,"OSTRVI","meta"
"Paulownia_tomentosa","Alcohols and polyols",-0.705233958649511,"PAULTO","meta"
"Paulownia_tomentosa","Benzenoids",-0.315945791523092,"PAULTO","meta"
"Paulownia_tomentosa","Carbonyl compounds",-0.403362190603145,"PAULTO","meta"
"Paulownia_tomentosa","Glycosides",0.0472692427251724,"PAULTO","meta"
"Paulownia_tomentosa","Organic acids and derivatives",0.152361400579871,"PAULTO","meta"
"Paulownia_tomentosa","Organoheterocyclic compounds",-0.286355845638549,"PAULTO","meta"
"Paulownia_tomentosa","Phenylpropanoids and polyketides",1.1476337697958,"PAULTO","meta"
"Paulownia_tomentosa","Prenol lipids, terpenoids",-0.178204170230229,"PAULTO","meta"
"Paulownia_tomentosa","Steroids and steroid derivatives",-0.457002156235272,"PAULTO","meta"
NA,"Alcohols and polyols",1.15021072875334,"PICEEN","meta"
NA,"Benzenoids",-0.374715607282529,"PICEEN","meta"
NA,"Carbonyl compounds",-0.375208790184345,"PICEEN","meta"
NA,"Glycosides",-0.460818474457755,"PICEEN","meta"
NA,"Organic acids and derivatives",-0.466219175277814,"PICEEN","meta"
NA,"Organoheterocyclic compounds",0.110981742729638,"PICEEN","meta"
NA,"Phenylpropanoids and polyketides",-0.773410688261532,"PICEEN","meta"
NA,"Prenol lipids, terpenoids",0.137758165952744,"PICEEN","meta"
NA,"Steroids and steroid derivatives",0.272719984262293,"PICEEN","meta"
NA,"Alcohols and polyols",-0.316323861057465,"PICEGL","meta"
NA,"Benzenoids",-0.280553504336142,"PICEGL","meta"
NA,"Carbonyl compounds",-0.188551452590338,"PICEGL","meta"
NA,"Glycosides",-0.129340065875554,"PICEGL","meta"
NA,"Organic acids and derivatives",1.05351984941044,"PICEGL","meta"
NA,"Organoheterocyclic compounds",0.397705780986571,"PICEGL","meta"
NA,"Phenylpropanoids and polyketides",-0.819699231467483,"PICEGL","meta"
NA,"Prenol lipids, terpenoids",1.52541237723377,"PICEGL","meta"
NA,"Steroids and steroid derivatives",1.78063144267708,"PICEGL","meta"
NA,"Alcohols and polyols",-0.580167290093668,"PICEMA","meta"
NA,"Benzenoids",0.211129308017445,"PICEMA","meta"
NA,"Carbonyl compounds",0.286263726891755,"PICEMA","meta"
NA,"Glycosides",-0.104290089604469,"PICEMA","meta"
NA,"Organic acids and derivatives",-0.133089566569657,"PICEMA","meta"
NA,"Organoheterocyclic compounds",0.660700904849685,"PICEMA","meta"
NA,"Phenylpropanoids and polyketides",-0.757694599452648,"PICEMA","meta"
NA,"Prenol lipids, terpenoids",2.93024225881727,"PICEMA","meta"
NA,"Steroids and steroid derivatives",2.19234583940454,"PICEMA","meta"
NA,"Alcohols and polyols",0.400995144934802,"PICEPU","meta"
NA,"Benzenoids",-0.432409091804684,"PICEPU","meta"
NA,"Carbonyl compounds",-0.372524709995287,"PICEPU","meta"
NA,"Glycosides",-0.476882127722255,"PICEPU","meta"
NA,"Organic acids and derivatives",-0.641797389808976,"PICEPU","meta"
NA,"Organoheterocyclic compounds",-0.0790938023367318,"PICEPU","meta"
NA,"Phenylpropanoids and polyketides",-0.638386673878921,"PICEPU","meta"
NA,"Prenol lipids, terpenoids",-0.177973492594617,"PICEPU","meta"
NA,"Steroids and steroid derivatives",0.351932149077959,"PICEPU","meta"
NA,"Alcohols and polyols",-0.753791987353846,"PINUBA","meta"
NA,"Benzenoids",0.00772011566894189,"PINUBA","meta"
NA,"Carbonyl compounds",0.184581962812842,"PINUBA","meta"
NA,"Glycosides",1.83615540214781,"PINUBA","meta"
NA,"Organic acids and derivatives",0.162684402759542,"PINUBA","meta"
NA,"Organoheterocyclic compounds",0.28089537970829,"PINUBA","meta"
NA,"Phenylpropanoids and polyketides",-0.309216580462402,"PINUBA","meta"
NA,"Prenol lipids, terpenoids",3.44316066473316,"PINUBA","meta"
NA,"Steroids and steroid derivatives",1.57602120449525,"PINUBA","meta"
NA,"Alcohols and polyols",-0.742141094737741,"PINUFL","meta"
NA,"Benzenoids",-0.261039512064706,"PINUFL","meta"
NA,"Carbonyl compounds",0.0229641885947054,"PINUFL","meta"
NA,"Glycosides",-0.504732810024397,"PINUFL","meta"
NA,"Organic acids and derivatives",1.94684940643082,"PINUFL","meta"
NA,"Organoheterocyclic compounds",1.41473625957109,"PINUFL","meta"
NA,"Phenylpropanoids and polyketides",-0.841762764032841,"PINUFL","meta"
NA,"Prenol lipids, terpenoids",0.560683723429086,"PINUFL","meta"
NA,"Steroids and steroid derivatives",1.93611389490039,"PINUFL","meta"
NA,"Alcohols and polyols",-0.583846722473615,"PINULO","meta"
NA,"Benzenoids",0.169316790051162,"PINULO","meta"
NA,"Carbonyl compounds",-0.0582261137121333,"PINULO","meta"
NA,"Glycosides",-0.185527003115923,"PINULO","meta"
NA,"Organic acids and derivatives",3.21311838425114,"PINULO","meta"
NA,"Organoheterocyclic compounds",3.79900586405162,"PINULO","meta"
NA,"Phenylpropanoids and polyketides",-0.812257778747799,"PINULO","meta"
NA,"Prenol lipids, terpenoids",1.64325638602444,"PINULO","meta"
NA,"Steroids and steroid derivatives",4.40323005614531,"PINULO","meta"
NA,"Benzenoids",-0.218959794772211,"PINUPU","meta"
NA,"Carbonyl compounds",0.190707176710717,"PINUPU","meta"
NA,"Glycosides",0.233970331585765,"PINUPU","meta"
NA,"Organic acids and derivatives",-0.353522636163021,"PINUPU","meta"
NA,"Organoheterocyclic compounds",-0.307467776933341,"PINUPU","meta"
NA,"Phenylpropanoids and polyketides",-0.437611557125095,"PINUPU","meta"
NA,"Prenol lipids, terpenoids",0.744936790984237,"PINUPU","meta"
NA,"Steroids and steroid derivatives",0.322646126216101,"PINUPU","meta"
NA,"Alcohols and polyols",-0.775560732586074,"PINUST","meta"
NA,"Benzenoids",-0.416339388152492,"PINUST","meta"
NA,"Carbonyl compounds",-0.156188217067177,"PINUST","meta"
NA,"Glycosides",-0.315302696188988,"PINUST","meta"
NA,"Organic acids and derivatives",-0.736660394387143,"PINUST","meta"
NA,"Organoheterocyclic compounds",0.19363519379555,"PINUST","meta"
NA,"Phenylpropanoids and polyketides",-0.797985124276902,"PINUST","meta"
NA,"Prenol lipids, terpenoids",0.219370768729285,"PINUST","meta"
NA,"Steroids and steroid derivatives",0.15759142277731,"PINUST","meta"
"Pinus_taeda","Benzenoids",-0.238935262607598,"PINUTA","meta"
"Pinus_taeda","Carbonyl compounds",-0.0727041597367067,"PINUTA","meta"
"Pinus_taeda","Glycosides",-0.00622299366000805,"PINUTA","meta"
"Pinus_taeda","Organic acids and derivatives",-0.144075007757039,"PINUTA","meta"
"Pinus_taeda","Organoheterocyclic compounds",-0.524921382053176,"PINUTA","meta"
"Pinus_taeda","Phenylpropanoids and polyketides",-0.586639435631261,"PINUTA","meta"
"Pinus_taeda","Prenol lipids, terpenoids",-0.109093180178295,"PINUTA","meta"
"Pinus_taeda","Steroids and steroid derivatives",-0.490867317599262,"PINUTA","meta"
NA,"Alcohols and polyols",-0.704854482208829,"PINUVI","meta"
NA,"Benzenoids",0.875890747361094,"PINUVI","meta"
NA,"Carbonyl compounds",0.635428951927361,"PINUVI","meta"
NA,"Glycosides",1.16904852078292,"PINUVI","meta"
NA,"Organic acids and derivatives",1.05586775724362,"PINUVI","meta"
NA,"Organoheterocyclic compounds",0.229893969105636,"PINUVI","meta"
NA,"Phenylpropanoids and polyketides",-0.165091877174863,"PINUVI","meta"
NA,"Prenol lipids, terpenoids",1.53467585161414,"PINUVI","meta"
NA,"Steroids and steroid derivatives",0.90113608728809,"PINUVI","meta"
"Platanus_occidentalis","Alcohols and polyols",1.79846147394522,"PLATOC","meta"
"Platanus_occidentalis","Benzenoids",-0.106733844408135,"PLATOC","meta"
"Platanus_occidentalis","Carbonyl compounds",-0.336216499307889,"PLATOC","meta"
"Platanus_occidentalis","Glycosides",-0.340038229967954,"PLATOC","meta"
"Platanus_occidentalis","Organic acids and derivatives",-0.660335921629771,"PLATOC","meta"
"Platanus_occidentalis","Organoheterocyclic compounds",0.321089029479706,"PLATOC","meta"
"Platanus_occidentalis","Phenylpropanoids and polyketides",0.326494939171874,"PLATOC","meta"
"Platanus_occidentalis","Prenol lipids, terpenoids",-0.643544596291441,"PLATOC","meta"
"Platanus_occidentalis","Steroids and steroid derivatives",-0.492157110566421,"PLATOC","meta"
"Populus_grandidentata","Alcohols and polyols",-0.588445574766644,"POPUGR","meta"
"Populus_grandidentata","Benzenoids",0.641350599031964,"POPUGR","meta"
"Populus_grandidentata","Carbonyl compounds",0.0196881869195294,"POPUGR","meta"
"Populus_grandidentata","Glycosides",-0.389600369302046,"POPUGR","meta"
"Populus_grandidentata","Organic acids and derivatives",0.751705341666585,"POPUGR","meta"
"Populus_grandidentata","Organoheterocyclic compounds",-0.674092991007478,"POPUGR","meta"
"Populus_grandidentata","Phenylpropanoids and polyketides",-0.38002005186889,"POPUGR","meta"
"Populus_grandidentata","Prenol lipids, terpenoids",0.35436183523079,"POPUGR","meta"
"Populus_grandidentata","Steroids and steroid derivatives",-0.415412042657043,"POPUGR","meta"
NA,"Alcohols and polyols",-0.662316570302647,"POPUTR","meta"
NA,"Benzenoids",4.50490488625949,"POPUTR","meta"
NA,"Carbonyl compounds",-0.448074051506324,"POPUTR","meta"
NA,"Glycosides",4.98013702094201,"POPUTR","meta"
NA,"Organic acids and derivatives",2.82119262512853,"POPUTR","meta"
NA,"Organoheterocyclic compounds",-0.47505183152794,"POPUTR","meta"
NA,"Phenylpropanoids and polyketides",-0.237940360586689,"POPUTR","meta"
NA,"Prenol lipids, terpenoids",-0.523853046053652,"POPUTR","meta"
NA,"Steroids and steroid derivatives",-0.53152282014281,"POPUTR","meta"
"Prunus_americana","Alcohols and polyols",-0.844043136972365,"PRUNAM","meta"
"Prunus_americana","Benzenoids",-0.495850574246163,"PRUNAM","meta"
"Prunus_americana","Glycosides",0.434264747831738,"PRUNAM","meta"
"Prunus_americana","Organic acids and derivatives",-0.548260160401227,"PRUNAM","meta"
"Prunus_americana","Organoheterocyclic compounds",-0.338095167335257,"PRUNAM","meta"
"Prunus_americana","Phenylpropanoids and polyketides",0.183569919734192,"PRUNAM","meta"
"Prunus_americana","Prenol lipids, terpenoids",-0.61146836509409,"PRUNAM","meta"
"Prunus_americana","Steroids and steroid derivatives",-0.496301051773108,"PRUNAM","meta"
"Prunus_avium","Alcohols and polyols",-0.636834387548024,"PRUNAV","meta"
"Prunus_avium","Benzenoids",-0.573557804972581,"PRUNAV","meta"
"Prunus_avium","Glycosides",0.992988445254772,"PRUNAV","meta"
"Prunus_avium","Organic acids and derivatives",-0.620604353611371,"PRUNAV","meta"
"Prunus_avium","Organoheterocyclic compounds",-0.509896502304508,"PRUNAV","meta"
"Prunus_avium","Phenylpropanoids and polyketides",-0.251368325804961,"PRUNAV","meta"
"Prunus_avium","Prenol lipids, terpenoids",-0.615357106868572,"PRUNAV","meta"
"Prunus_avium","Steroids and steroid derivatives",-0.457698569726865,"PRUNAV","meta"
"Prunus_serotina","Alcohols and polyols",0.723059244054239,"PRUNSE","meta"
"Prunus_serotina","Benzenoids",0.8197787550039,"PRUNSE","meta"
"Prunus_serotina","Glycosides",6.6240203289769,"PRUNSE","meta"
"Prunus_serotina","Organic acids and derivatives",2.45705063475546,"PRUNSE","meta"
"Prunus_serotina","Organoheterocyclic compounds",6.92045198899354,"PRUNSE","meta"
"Prunus_serotina","Phenylpropanoids and polyketides",1.96283779549192,"PRUNSE","meta"
"Prunus_serotina","Prenol lipids, terpenoids",-0.354373001130565,"PRUNSE","meta"
"Prunus_serotina","Steroids and steroid derivatives",-0.268024392001184,"PRUNSE","meta"
NA,"Alcohols and polyols",-0.829883421780943,"PRUNVI","meta"
NA,"Benzenoids",-0.580929961201901,"PRUNVI","meta"
NA,"Glycosides",-0.221025703373562,"PRUNVI","meta"
NA,"Organic acids and derivatives",-0.337714610010708,"PRUNVI","meta"
NA,"Organoheterocyclic compounds",-0.140643805300379,"PRUNVI","meta"
NA,"Phenylpropanoids and polyketides",-0.621340854700696,"PRUNVI","meta"
NA,"Prenol lipids, terpenoids",-0.63567462053034,"PRUNVI","meta"
NA,"Steroids and steroid derivatives",-0.476124403862724,"PRUNVI","meta"
"Pseudotsuga_menziesii","Alcohols and polyols",-0.0268843918852729,"PSEUME","meta"
"Pseudotsuga_menziesii","Benzenoids",0.556327670762771,"PSEUME","meta"
"Pseudotsuga_menziesii","Carbonyl compounds",0.101951433880881,"PSEUME","meta"
"Pseudotsuga_menziesii","Glycosides",0.39697381532265,"PSEUME","meta"
"Pseudotsuga_menziesii","Organic acids and derivatives",1.83069573331318,"PSEUME","meta"
"Pseudotsuga_menziesii","Organoheterocyclic compounds",2.58960347049452,"PSEUME","meta"
"Pseudotsuga_menziesii","Phenylpropanoids and polyketides",-0.543099902783509,"PSEUME","meta"
"Pseudotsuga_menziesii","Prenol lipids, terpenoids",3.74378972997862,"PSEUME","meta"
"Pseudotsuga_menziesii","Steroids and steroid derivatives",1.79569844175103,"PSEUME","meta"
"Quercus_alba","Alcohols and polyols",0.0797973104400675,"QUERAL","meta"
"Quercus_alba","Benzenoids",0.12047154768891,"QUERAL","meta"
"Quercus_alba","Carbonyl compounds",0.137987788026307,"QUERAL","meta"
"Quercus_alba","Glycosides",-0.529492024628393,"QUERAL","meta"
"Quercus_alba","Organic acids and derivatives",0.114526964744406,"QUERAL","meta"
"Quercus_alba","Organoheterocyclic compounds",-0.0967538708577776,"QUERAL","meta"
"Quercus_alba","Phenylpropanoids and polyketides",-0.241257222686553,"QUERAL","meta"
"Quercus_alba","Prenol lipids, terpenoids",-0.221881667236664,"QUERAL","meta"
"Quercus_alba","Steroids and steroid derivatives",0.682415280756479,"QUERAL","meta"
"Quercus_coccinea","Alcohols and polyols",-0.58868008263214,"QUERCO","meta"
"Quercus_coccinea","Benzenoids",-0.428956559199177,"QUERCO","meta"
"Quercus_coccinea","Glycosides",-0.511341304031489,"QUERCO","meta"
"Quercus_coccinea","Organic acids and derivatives",-0.669513055947975,"QUERCO","meta"
"Quercus_coccinea","Organoheterocyclic compounds",-0.180014880501003,"QUERCO","meta"
"Quercus_coccinea","Phenylpropanoids and polyketides",-0.633649914244913,"QUERCO","meta"
"Quercus_coccinea","Prenol lipids, terpenoids",-0.646499346158372,"QUERCO","meta"
"Quercus_coccinea","Steroids and steroid derivatives",-0.483541945851918,"QUERCO","meta"
"Quercus_falcata","Alcohols and polyols",-0.77649682902235,"QUERFA","meta"
"Quercus_falcata","Benzenoids",-0.374316415857127,"QUERFA","meta"
"Quercus_falcata","Carbonyl compounds",-0.338325621139413,"QUERFA","meta"
"Quercus_falcata","Glycosides",-0.461635327423886,"QUERFA","meta"
"Quercus_falcata","Organic acids and derivatives",-0.825292975301994,"QUERFA","meta"
"Quercus_falcata","Organoheterocyclic compounds",-0.590406180607982,"QUERFA","meta"
"Quercus_falcata","Phenylpropanoids and polyketides",-0.48021015093919,"QUERFA","meta"
"Quercus_falcata","Prenol lipids, terpenoids",-0.541513640265245,"QUERFA","meta"
"Quercus_falcata","Steroids and steroid derivatives",-0.417992530871513,"QUERFA","meta"
"Quercus_marilandica","Alcohols and polyols",-0.584490575354563,"QUERMA","meta"
"Quercus_marilandica","Benzenoids",-0.444541424188377,"QUERMA","meta"
"Quercus_marilandica","Glycosides",-0.560304170776266,"QUERMA","meta"
"Quercus_marilandica","Organic acids and derivatives",-0.908100507863618,"QUERMA","meta"
"Quercus_marilandica","Organoheterocyclic compounds",-0.580416455312599,"QUERMA","meta"
"Quercus_marilandica","Phenylpropanoids and polyketides",-0.486509538323075,"QUERMA","meta"
"Quercus_marilandica","Prenol lipids, terpenoids",-0.645459472571384,"QUERMA","meta"
"Quercus_marilandica","Steroids and steroid derivatives",-0.515097357787496,"QUERMA","meta"
"Quercus_michauxii","Alcohols and polyols",-0.535588559666204,"QUERMI","meta"
"Quercus_michauxii","Benzenoids",-0.0603041227451696,"QUERMI","meta"
"Quercus_michauxii","Carbonyl compounds",0.485586961691254,"QUERMI","meta"
"Quercus_michauxii","Glycosides",-0.212074516296614,"QUERMI","meta"
"Quercus_michauxii","Organic acids and derivatives",-0.442894810865496,"QUERMI","meta"
"Quercus_michauxii","Organoheterocyclic compounds",-0.257849783660823,"QUERMI","meta"
"Quercus_michauxii","Phenylpropanoids and polyketides",0.0382300910873596,"QUERMI","meta"
"Quercus_michauxii","Prenol lipids, terpenoids",-0.146019960007444,"QUERMI","meta"
"Quercus_michauxii","Steroids and steroid derivatives",0.115097052859166,"QUERMI","meta"
"Quercus_muehlenbergii","Alcohols and polyols",0.748796861477833,"QUERMU","meta"
"Quercus_muehlenbergii","Benzenoids",-0.0651603314715989,"QUERMU","meta"
"Quercus_muehlenbergii","Carbonyl compounds",4.28423748913742,"QUERMU","meta"
"Quercus_muehlenbergii","Glycosides",-0.497109092746697,"QUERMU","meta"
"Quercus_muehlenbergii","Organic acids and derivatives",-0.543051288690693,"QUERMU","meta"
"Quercus_muehlenbergii","Organoheterocyclic compounds",-0.373323170638225,"QUERMU","meta"
"Quercus_muehlenbergii","Phenylpropanoids and polyketides",0.00481446628876193,"QUERMU","meta"
"Quercus_muehlenbergii","Prenol lipids, terpenoids",1.7010361961106,"QUERMU","meta"
"Quercus_muehlenbergii","Steroids and steroid derivatives",1.61937040692305,"QUERMU","meta"
"Quercus_palustris","Alcohols and polyols",-0.511085299021827,"QUERP1","meta"
"Quercus_palustris","Benzenoids",-0.0593950603366637,"QUERP1","meta"
"Quercus_palustris","Glycosides",-0.443894838652881,"QUERP1","meta"
"Quercus_palustris","Organic acids and derivatives",-0.719953665417858,"QUERP1","meta"
"Quercus_palustris","Organoheterocyclic compounds",-0.317578987020144,"QUERP1","meta"
"Quercus_palustris","Phenylpropanoids and polyketides",-0.0183073223499738,"QUERP1","meta"
"Quercus_palustris","Prenol lipids, terpenoids",-0.633361149701129,"QUERP1","meta"
"Quercus_palustris","Steroids and steroid derivatives",-0.500447379396065,"QUERP1","meta"
"Quercus_prinus","Alcohols and polyols",-0.616131721164272,"QUERPR","meta"
"Quercus_prinus","Benzenoids",-0.512226196980008,"QUERPR","meta"
"Quercus_prinus","Carbonyl compounds",-0.257868017352507,"QUERPR","meta"
"Quercus_prinus","Glycosides",-0.393892739505564,"QUERPR","meta"
"Quercus_prinus","Organic acids and derivatives",-0.874626492095962,"QUERPR","meta"
"Quercus_prinus","Organoheterocyclic compounds",-0.710615474353543,"QUERPR","meta"
"Quercus_prinus","Phenylpropanoids and polyketides",-0.519018668505556,"QUERPR","meta"
"Quercus_prinus","Prenol lipids, terpenoids",-0.515999924491967,"QUERPR","meta"
"Quercus_prinus","Steroids and steroid derivatives",-0.402699103311731,"QUERPR","meta"
"Quercus_rubra","Alcohols and polyols",0.206554355995165,"QUERRU","meta"
"Quercus_rubra","Benzenoids",0.547514584504085,"QUERRU","meta"
"Quercus_rubra","Glycosides",-0.196442306872409,"QUERRU","meta"
"Quercus_rubra","Organic acids and derivatives",0.1240031810965,"QUERRU","meta"
"Quercus_rubra","Organoheterocyclic compounds",0.989437292210419,"QUERRU","meta"
"Quercus_rubra","Phenylpropanoids and polyketides",0.0843030923140326,"QUERRU","meta"
"Quercus_rubra","Prenol lipids, terpenoids",-0.514017310585712,"QUERRU","meta"
"Quercus_rubra","Steroids and steroid derivatives",-0.229970709866079,"QUERRU","meta"
"Quercus_stellata","Alcohols and polyols",-0.552600150891789,"QUERST","meta"
"Quercus_stellata","Benzenoids",0.160514903561786,"QUERST","meta"
"Quercus_stellata","Carbonyl compounds",-0.0913238722282544,"QUERST","meta"
"Quercus_stellata","Glycosides",-0.325578558808716,"QUERST","meta"
"Quercus_stellata","Organic acids and derivatives",-0.389836672076942,"QUERST","meta"
"Quercus_stellata","Organoheterocyclic compounds",-0.432002276919658,"QUERST","meta"
"Quercus_stellata","Phenylpropanoids and polyketides",0.0239228272045175,"QUERST","meta"
"Quercus_stellata","Prenol lipids, terpenoids",-0.269758124947219,"QUERST","meta"
"Quercus_stellata","Steroids and steroid derivatives",0.40985911367698,"QUERST","meta"
"Quercus_velutina","Alcohols and polyols",0.327096063359151,"QUERVE","meta"
"Quercus_velutina","Benzenoids",0.0650860563290624,"QUERVE","meta"
"Quercus_velutina","Carbonyl compounds",-0.33574380857452,"QUERVE","meta"
"Quercus_velutina","Glycosides",-0.568366736626465,"QUERVE","meta"
"Quercus_velutina","Organic acids and derivatives",-0.175416362007832,"QUERVE","meta"
"Quercus_velutina","Organoheterocyclic compounds",0.223808050007628,"QUERVE","meta"
"Quercus_velutina","Phenylpropanoids and polyketides",-0.152741392142596,"QUERVE","meta"
"Quercus_velutina","Prenol lipids, terpenoids",-0.456483894803843,"QUERVE","meta"
"Quercus_velutina","Steroids and steroid derivatives",-0.279398426043909,"QUERVE","meta"
NA,"Alcohols and polyols",-0.198668718266712,"QUERXH","meta"
NA,"Benzenoids",-0.580923008328884,"QUERXH","meta"
NA,"Glycosides",-0.636462391092242,"QUERXH","meta"
NA,"Organic acids and derivatives",-0.538499325845594,"QUERXH","meta"
NA,"Organoheterocyclic compounds",-0.132240915128562,"QUERXH","meta"
NA,"Phenylpropanoids and polyketides",-0.783533033321679,"QUERXH","meta"
NA,"Prenol lipids, terpenoids",-0.602506781457755,"QUERXH","meta"
NA,"Steroids and steroid derivatives",-0.465397989390708,"QUERXH","meta"
NA,"Alcohols and polyols",1.03523760352995,"RHODAR","meta"
NA,"Benzenoids",-0.170079293677791,"RHODAR","meta"
NA,"Carbonyl compounds",0.0643062472451655,"RHODAR","meta"
NA,"Glycosides",-0.406363979095035,"RHODAR","meta"
NA,"Organic acids and derivatives",0.392412243622785,"RHODAR","meta"
NA,"Organoheterocyclic compounds",-0.695990366348604,"RHODAR","meta"
NA,"Phenylpropanoids and polyketides",1.60179257495062,"RHODAR","meta"
NA,"Prenol lipids, terpenoids",-0.633884214810897,"RHODAR","meta"
NA,"Steroids and steroid derivatives",-0.563267354091943,"RHODAR","meta"
"Rhododendron_macrophyllum","Alcohols and polyols",4.26334783125718,"RHODMA","meta"
"Rhododendron_macrophyllum","Benzenoids",-0.524818623484422,"RHODMA","meta"
"Rhododendron_macrophyllum","Glycosides",-0.509268729870343,"RHODMA","meta"
"Rhododendron_macrophyllum","Organic acids and derivatives",-1.01578661102834,"RHODMA","meta"
"Rhododendron_macrophyllum","Organoheterocyclic compounds",-0.579278828527877,"RHODMA","meta"
"Rhododendron_macrophyllum","Phenylpropanoids and polyketides",-0.256495165654984,"RHODMA","meta"
"Rhododendron_macrophyllum","Prenol lipids, terpenoids",-0.619508264187215,"RHODMA","meta"
"Rhododendron_macrophyllum","Steroids and steroid derivatives",-0.463148169369813,"RHODMA","meta"
NA,"Alcohols and polyols",0.0717076715822503,"RIBECE","meta"
NA,"Benzenoids",-0.271963699171969,"RIBECE","meta"
NA,"Carbonyl compounds",-0.414349301055111,"RIBECE","meta"
NA,"Glycosides",-0.0705424554333244,"RIBECE","meta"
NA,"Organic acids and derivatives",-0.529621629107664,"RIBECE","meta"
NA,"Organoheterocyclic compounds",-0.626761391813476,"RIBECE","meta"
NA,"Phenylpropanoids and polyketides",-0.47461431925934,"RIBECE","meta"
NA,"Prenol lipids, terpenoids",-0.0743984504551567,"RIBECE","meta"
NA,"Steroids and steroid derivatives",1.7253318778704,"RIBECE","meta"
NA,"Alcohols and polyols",-0.825186505822635,"RIBECY","meta"
NA,"Benzenoids",-0.582183660729697,"RIBECY","meta"
NA,"Carbonyl compounds",-0.446044303837866,"RIBECY","meta"
NA,"Glycosides",-0.634370055682176,"RIBECY","meta"
NA,"Organic acids and derivatives",-0.346138077179574,"RIBECY","meta"
NA,"Organoheterocyclic compounds",-0.710699376437213,"RIBECY","meta"
NA,"Phenylpropanoids and polyketides",-0.731553245046284,"RIBECY","meta"
NA,"Prenol lipids, terpenoids",-0.296403146871096,"RIBECY","meta"
NA,"Steroids and steroid derivatives",-0.321853977163786,"RIBECY","meta"
NA,"Alcohols and polyols",0.4851912458029,"RIBEMO","meta"
NA,"Benzenoids",-0.381013705268027,"RIBEMO","meta"
NA,"Carbonyl compounds",-0.44799051233169,"RIBEMO","meta"
NA,"Glycosides",-0.37367018923246,"RIBEMO","meta"
NA,"Organic acids and derivatives",-0.149341730907444,"RIBEMO","meta"
NA,"Organoheterocyclic compounds",-0.745016894095835,"RIBEMO","meta"
NA,"Phenylpropanoids and polyketides",-0.589051063868505,"RIBEMO","meta"
NA,"Prenol lipids, terpenoids",-0.560437758269234,"RIBEMO","meta"
NA,"Steroids and steroid derivatives",-0.442684504884029,"RIBEMO","meta"
NA,"Alcohols and polyols",-0.383180904292837,"ROBIPS","meta"
NA,"Benzenoids",-0.619657194705199,"ROBIPS","meta"
NA,"Carbonyl compounds",-0.428300167541608,"ROBIPS","meta"
NA,"Glycosides",-0.6258852241572,"ROBIPS","meta"
NA,"Organic acids and derivatives",-0.415218839517076,"ROBIPS","meta"
NA,"Organoheterocyclic compounds",-0.725511626223432,"ROBIPS","meta"
NA,"Phenylpropanoids and polyketides",-0.772891581445527,"ROBIPS","meta"
NA,"Prenol lipids, terpenoids",-0.359474763242904,"ROBIPS","meta"
NA,"Steroids and steroid derivatives",-0.466367441329089,"ROBIPS","meta"
"Rosa_multiflora","Alcohols and polyols",-0.549394762252208,"ROSAMU","meta"
"Rosa_multiflora","Benzenoids",-0.375657577108918,"ROSAMU","meta"
"Rosa_multiflora","Glycosides",1.93593868949953,"ROSAMU","meta"
"Rosa_multiflora","Organic acids and derivatives",-0.189737550539293,"ROSAMU","meta"
"Rosa_multiflora","Organoheterocyclic compounds",-0.317474782513374,"ROSAMU","meta"
"Rosa_multiflora","Phenylpropanoids and polyketides",0.119945527331033,"ROSAMU","meta"
"Rosa_multiflora","Prenol lipids, terpenoids",-0.64463682196689,"ROSAMU","meta"
"Rosa_multiflora","Steroids and steroid derivatives",-0.417027415749396,"ROSAMU","meta"
NA,"Alcohols and polyols",0.293429826727681,"RUBUAL","meta"
NA,"Benzenoids",-0.61057802179826,"RUBUAL","meta"
NA,"Glycosides",-0.0736157199314744,"RUBUAL","meta"
NA,"Organic acids and derivatives",0.218520813413003,"RUBUAL","meta"
NA,"Organoheterocyclic compounds",0.1614566949728,"RUBUAL","meta"
NA,"Phenylpropanoids and polyketides",0.011583158595877,"RUBUAL","meta"
NA,"Prenol lipids, terpenoids",-0.574319730372315,"RUBUAL","meta"
NA,"Steroids and steroid derivatives",-0.3970164785728,"RUBUAL","meta"
NA,"Alcohols and polyols",-0.852317942448932,"RUBUPE","meta"
NA,"Benzenoids",-0.487003569579269,"RUBUPE","meta"
NA,"Carbonyl compounds",-0.446555058104512,"RUBUPE","meta"
NA,"Glycosides",1.36605051913951,"RUBUPE","meta"
NA,"Organic acids and derivatives",-0.70518787969294,"RUBUPE","meta"
NA,"Organoheterocyclic compounds",-0.736021043526043,"RUBUPE","meta"
NA,"Phenylpropanoids and polyketides",-0.458143232117601,"RUBUPE","meta"
NA,"Prenol lipids, terpenoids",-0.661260359316786,"RUBUPE","meta"
NA,"Steroids and steroid derivatives",-0.469035263693539,"RUBUPE","meta"
NA,"Benzenoids",-0.552568021712261,"RUBUPH","meta"
NA,"Glycosides",-0.200435880212175,"RUBUPH","meta"
NA,"Organic acids and derivatives",-0.785825112697703,"RUBUPH","meta"
NA,"Organoheterocyclic compounds",-0.744883644858618,"RUBUPH","meta"
NA,"Phenylpropanoids and polyketides",-0.542617824814647,"RUBUPH","meta"
NA,"Prenol lipids, terpenoids",-0.653913000463975,"RUBUPH","meta"
NA,"Steroids and steroid derivatives",-0.47472021278403,"RUBUPH","meta"
NA,"Benzenoids",-0.64830226955304,"RUBUS1","meta"
NA,"Carbonyl compounds",-0.416131605436591,"RUBUS1","meta"
NA,"Glycosides",-0.040850500057819,"RUBUS1","meta"
NA,"Organic acids and derivatives",-0.6697198663516,"RUBUS1","meta"
NA,"Organoheterocyclic compounds",-0.773520378647279,"RUBUS1","meta"
NA,"Phenylpropanoids and polyketides",-0.655092331503107,"RUBUS1","meta"
NA,"Steroids and steroid derivatives",-0.585326867116973,"RUBUS1","meta"
"Salix_nigra","Alcohols and polyols",-0.772320194670454,"SALINI","meta"
"Salix_nigra","Benzenoids",-0.223231430374363,"SALINI","meta"
"Salix_nigra","Glycosides",-0.17484152701137,"SALINI","meta"
"Salix_nigra","Organic acids and derivatives",-0.633321501267653,"SALINI","meta"
"Salix_nigra","Organoheterocyclic compounds",-0.381822245969405,"SALINI","meta"
"Salix_nigra","Phenylpropanoids and polyketides",-0.145560181210485,"SALINI","meta"
"Salix_nigra","Prenol lipids, terpenoids",-0.577839615640202,"SALINI","meta"
NA,"Alcohols and polyols",-0.762200743790892,"SALISP","meta"
NA,"Benzenoids",-0.296375291379744,"SALISP","meta"
NA,"Carbonyl compounds",-0.373051686921893,"SALISP","meta"
NA,"Glycosides",-0.202969811603634,"SALISP","meta"
NA,"Organic acids and derivatives",1.23241843033796,"SALISP","meta"
NA,"Organoheterocyclic compounds",-0.402951576320494,"SALISP","meta"
NA,"Phenylpropanoids and polyketides",-0.332607728081393,"SALISP","meta"
NA,"Prenol lipids, terpenoids",0.254518171256967,"SALISP","meta"
NA,"Steroids and steroid derivatives",-0.249625172793294,"SALISP","meta"
NA,"Alcohols and polyols",-0.0846811011684468,"SAMBCA","meta"
NA,"Benzenoids",-0.128416749382793,"SAMBCA","meta"
NA,"Carbonyl compounds",-0.37705936478251,"SAMBCA","meta"
NA,"Glycosides",-0.462372242534938,"SAMBCA","meta"
NA,"Organic acids and derivatives",-0.598342167108616,"SAMBCA","meta"
NA,"Organoheterocyclic compounds",-0.386432319235959,"SAMBCA","meta"
NA,"Phenylpropanoids and polyketides",-0.415759627757661,"SAMBCA","meta"
NA,"Prenol lipids, terpenoids",0.17248169547111,"SAMBCA","meta"
NA,"Steroids and steroid derivatives",-0.186253445338068,"SAMBCA","meta"
"Sambucus_nigra","Alcohols and polyols",-0.357151800207191,"SAMBNI","meta"
"Sambucus_nigra","Benzenoids",-0.122300971874627,"SAMBNI","meta"
"Sambucus_nigra","Carbonyl compounds",-0.433016254419932,"SAMBNI","meta"
"Sambucus_nigra","Glycosides",0.182865992914008,"SAMBNI","meta"
"Sambucus_nigra","Organic acids and derivatives",-0.820660099661157,"SAMBNI","meta"
"Sambucus_nigra","Organoheterocyclic compounds",-0.351091796189022,"SAMBNI","meta"
"Sambucus_nigra","Phenylpropanoids and polyketides",0.528155490574835,"SAMBNI","meta"
"Sambucus_nigra","Prenol lipids, terpenoids",-0.558130867313567,"SAMBNI","meta"
"Sambucus_nigra","Steroids and steroid derivatives",-0.583935188976813,"SAMBNI","meta"
NA,"Alcohols and polyols",-0.531778902702246,"SAMBRA","meta"
NA,"Benzenoids",0.271888088309601,"SAMBRA","meta"
NA,"Carbonyl compounds",-0.379359440192972,"SAMBRA","meta"
NA,"Glycosides",-0.268706896611194,"SAMBRA","meta"
NA,"Organic acids and derivatives",-0.447989560335085,"SAMBRA","meta"
NA,"Organoheterocyclic compounds",-0.310796751239195,"SAMBRA","meta"
NA,"Phenylpropanoids and polyketides",-0.282642165627475,"SAMBRA","meta"
NA,"Prenol lipids, terpenoids",0.813722449616876,"SAMBRA","meta"
NA,"Steroids and steroid derivatives",-0.524581825351881,"SAMBRA","meta"
"Sassafras_albidum","Alcohols and polyols",2.24038030571985,"SASSAL","meta"
"Sassafras_albidum","Benzenoids",1.04459066862022,"SASSAL","meta"
"Sassafras_albidum","Carbonyl compounds",0.108979979834118,"SASSAL","meta"
"Sassafras_albidum","Glycosides",-0.396959073066113,"SASSAL","meta"
"Sassafras_albidum","Organic acids and derivatives",0.23149830360653,"SASSAL","meta"
"Sassafras_albidum","Organoheterocyclic compounds",1.39747513148642,"SASSAL","meta"
"Sassafras_albidum","Phenylpropanoids and polyketides",0.303771911752096,"SASSAL","meta"
"Sassafras_albidum","Prenol lipids, terpenoids",-0.525361306876132,"SASSAL","meta"
"Sassafras_albidum","Steroids and steroid derivatives",-0.0966361818025741,"SASSAL","meta"
NA,"Alcohols and polyols",-0.483661648110867,"SIDELA","meta"
NA,"Benzenoids",-0.626824474144357,"SIDELA","meta"
NA,"Glycosides",-0.463155431565544,"SIDELA","meta"
NA,"Organic acids and derivatives",-0.814459772337333,"SIDELA","meta"
NA,"Organoheterocyclic compounds",-0.393802888237041,"SIDELA","meta"
NA,"Phenylpropanoids and polyketides",-0.333892408541857,"SIDELA","meta"
NA,"Prenol lipids, terpenoids",-0.599707671179632,"SIDELA","meta"
NA,"Steroids and steroid derivatives",-0.387356967056396,"SIDELA","meta"
"Taxus_brevifolia","Alcohols and polyols",-0.730111449370943,"TAXUBR","meta"
"Taxus_brevifolia","Benzenoids",-0.510391438544708,"TAXUBR","meta"
"Taxus_brevifolia","Glycosides",-0.522163968530439,"TAXUBR","meta"
"Taxus_brevifolia","Organic acids and derivatives",-0.122726951590963,"TAXUBR","meta"
"Taxus_brevifolia","Organoheterocyclic compounds",-0.298175396836623,"TAXUBR","meta"
"Taxus_brevifolia","Phenylpropanoids and polyketides",-0.579635865298963,"TAXUBR","meta"
"Taxus_brevifolia","Prenol lipids, terpenoids",-0.646608061802319,"TAXUBR","meta"
"Taxus_brevifolia","Steroids and steroid derivatives",-0.36586164749212,"TAXUBR","meta"
"Thuja_plicata","Alcohols and polyols",-0.220884542368514,"THUJPL","meta"
"Thuja_plicata","Benzenoids",-0.520820392109798,"THUJPL","meta"
"Thuja_plicata","Carbonyl compounds",-0.408960612633947,"THUJPL","meta"
"Thuja_plicata","Glycosides",-0.370738792359383,"THUJPL","meta"
"Thuja_plicata","Organic acids and derivatives",0.295154252968746,"THUJPL","meta"
"Thuja_plicata","Organoheterocyclic compounds",-0.0562089047042213,"THUJPL","meta"
"Thuja_plicata","Phenylpropanoids and polyketides",-0.702483798825666,"THUJPL","meta"
"Thuja_plicata","Prenol lipids, terpenoids",-0.347912016633402,"THUJPL","meta"
"Thuja_plicata","Steroids and steroid derivatives",0.674271909717284,"THUJPL","meta"
"Tilia_americana","Alcohols and polyols",0.628426609694442,"TILIAM","meta"
"Tilia_americana","Benzenoids",0.336879730066872,"TILIAM","meta"
"Tilia_americana","Carbonyl compounds",-0.242357613407089,"TILIAM","meta"
"Tilia_americana","Glycosides",-0.50438135368213,"TILIAM","meta"
"Tilia_americana","Organic acids and derivatives",0.626052209637918,"TILIAM","meta"
"Tilia_americana","Organoheterocyclic compounds",-0.271526967528953,"TILIAM","meta"
"Tilia_americana","Phenylpropanoids and polyketides",-0.368565331848428,"TILIAM","meta"
"Tilia_americana","Prenol lipids, terpenoids",0.505500041928564,"TILIAM","meta"
"Tilia_americana","Steroids and steroid derivatives",2.48772790698488,"TILIAM","meta"
NA,"Alcohols and polyols",-0.637054045247838,"TOXIVE","meta"
NA,"Benzenoids",-0.612645487077023,"TOXIVE","meta"
NA,"Carbonyl compounds",-0.429052677992784,"TOXIVE","meta"
NA,"Glycosides",-0.641887082687735,"TOXIVE","meta"
NA,"Organic acids and derivatives",-0.551555003374292,"TOXIVE","meta"
NA,"Organoheterocyclic compounds",-0.702862755714384,"TOXIVE","meta"
NA,"Phenylpropanoids and polyketides",-0.772861559751507,"TOXIVE","meta"
NA,"Prenol lipids, terpenoids",-0.595055729863211,"TOXIVE","meta"
NA,"Steroids and steroid derivatives",-0.539050194428417,"TOXIVE","meta"
"Tsuga_heterophylla","Alcohols and polyols",-0.48396381283437,"TSUGHE","meta"
"Tsuga_heterophylla","Benzenoids",0.155502085812387,"TSUGHE","meta"
"Tsuga_heterophylla","Carbonyl compounds",-0.12599421512074,"TSUGHE","meta"
"Tsuga_heterophylla","Glycosides",-0.501580574895281,"TSUGHE","meta"
"Tsuga_heterophylla","Organic acids and derivatives",-0.674408420123527,"TSUGHE","meta"
"Tsuga_heterophylla","Organoheterocyclic compounds",1.18620348009235,"TSUGHE","meta"
"Tsuga_heterophylla","Phenylpropanoids and polyketides",-0.768166613078326,"TSUGHE","meta"
"Tsuga_heterophylla","Prenol lipids, terpenoids",0.431076668929076,"TSUGHE","meta"
"Tsuga_heterophylla","Steroids and steroid derivatives",1.5946087254349,"TSUGHE","meta"
"Ulmus_americana","Alcohols and polyols",-0.359521512400581,"ULMUAM","meta"
"Ulmus_americana","Benzenoids",-0.265262675931543,"ULMUAM","meta"
"Ulmus_americana","Carbonyl compounds",-0.447746986211358,"ULMUAM","meta"
"Ulmus_americana","Glycosides",1.43582493886711,"ULMUAM","meta"
"Ulmus_americana","Organic acids and derivatives",-0.0286006527053599,"ULMUAM","meta"
"Ulmus_americana","Organoheterocyclic compounds",-0.0331715300389451,"ULMUAM","meta"
"Ulmus_americana","Phenylpropanoids and polyketides",0.137347896762443,"ULMUAM","meta"
"Ulmus_americana","Prenol lipids, terpenoids",-0.284691153374827,"ULMUAM","meta"
"Ulmus_americana","Steroids and steroid derivatives",-0.379008940478477,"ULMUAM","meta"
"Ulmus_rubra","Alcohols and polyols",-0.620610827231324,"ULMURU","meta"
"Ulmus_rubra","Benzenoids",-0.397805458521102,"ULMURU","meta"
"Ulmus_rubra","Carbonyl compounds",-0.447383107485153,"ULMURU","meta"
"Ulmus_rubra","Glycosides",0.554074513841687,"ULMURU","meta"
"Ulmus_rubra","Organic acids and derivatives",-0.450182728142367,"ULMURU","meta"
"Ulmus_rubra","Organoheterocyclic compounds",-0.592107522693433,"ULMURU","meta"
"Ulmus_rubra","Phenylpropanoids and polyketides",-0.426346800284909,"ULMURU","meta"
"Ulmus_rubra","Prenol lipids, terpenoids",-0.457724437167547,"ULMURU","meta"
"Ulmus_rubra","Steroids and steroid derivatives",-0.503957377165196,"ULMURU","meta"
NA,"Alcohols and polyols",2.83622071964423,"VACCCO","meta"
NA,"Benzenoids",-0.160133375933658,"VACCCO","meta"
NA,"Glycosides",0.217512522434195,"VACCCO","meta"
NA,"Organic acids and derivatives",-0.624797365298249,"VACCCO","meta"
NA,"Organoheterocyclic compounds",2.06407258288879,"VACCCO","meta"
NA,"Phenylpropanoids and polyketides",3.7559480945152,"VACCCO","meta"
NA,"Prenol lipids, terpenoids",-0.604218441414693,"VACCCO","meta"
NA,"Steroids and steroid derivatives",-0.258282599487312,"VACCCO","meta"
"Vaccinium_parvifolium","Alcohols and polyols",2.08379162321836,"VACCPA","meta"
"Vaccinium_parvifolium","Benzenoids",-0.444785586408358,"VACCPA","meta"
"Vaccinium_parvifolium","Glycosides",0.377285267365544,"VACCPA","meta"
"Vaccinium_parvifolium","Organic acids and derivatives",-0.808049095274999,"VACCPA","meta"
"Vaccinium_parvifolium","Organoheterocyclic compounds",-0.596767625750268,"VACCPA","meta"
"Vaccinium_parvifolium","Phenylpropanoids and polyketides",-0.754069516379043,"VACCPA","meta"
"Vaccinium_parvifolium","Prenol lipids, terpenoids",-0.622398933729291,"VACCPA","meta"
"Vaccinium_parvifolium","Steroids and steroid derivatives",-0.571465432795603,"VACCPA","meta"
"Viburnum_acerifolium","Alcohols and polyols",-0.103068662335239,"VIBUAC","meta"
"Viburnum_acerifolium","Benzenoids",0.183877265664547,"VIBUAC","meta"
"Viburnum_acerifolium","Carbonyl compounds",-0.146775252161048,"VIBUAC","meta"
"Viburnum_acerifolium","Glycosides",0.990462887017289,"VIBUAC","meta"
"Viburnum_acerifolium","Organic acids and derivatives",1.62979426148617,"VIBUAC","meta"
"Viburnum_acerifolium","Organoheterocyclic compounds",0.119069861155237,"VIBUAC","meta"
"Viburnum_acerifolium","Phenylpropanoids and polyketides",0.705444803750054,"VIBUAC","meta"
"Viburnum_acerifolium","Prenol lipids, terpenoids",-0.0508856871621057,"VIBUAC","meta"
"Viburnum_acerifolium","Steroids and steroid derivatives",0.255194156095592,"VIBUAC","meta"
"Viburnum_dentatum","Alcohols and polyols",-0.838692131346949,"VIBUDE","meta"
"Viburnum_dentatum","Benzenoids",-0.431099070605231,"VIBUDE","meta"
"Viburnum_dentatum","Carbonyl compounds",0.515539585821489,"VIBUDE","meta"
"Viburnum_dentatum","Glycosides",-0.209708789611719,"VIBUDE","meta"
"Viburnum_dentatum","Organic acids and derivatives",0.150595630451423,"VIBUDE","meta"
"Viburnum_dentatum","Organoheterocyclic compounds",-0.0318307381086683,"VIBUDE","meta"
"Viburnum_dentatum","Phenylpropanoids and polyketides",0.21578052774224,"VIBUDE","meta"
"Viburnum_dentatum","Prenol lipids, terpenoids",-0.349177667629514,"VIBUDE","meta"
"Viburnum_dentatum","Steroids and steroid derivatives",-0.579918905502001,"VIBUDE","meta"
"Viburnum_prunifolium","Alcohols and polyols",-0.630178655872541,"VIBUPR","meta"
"Viburnum_prunifolium","Benzenoids",-0.397063477625705,"VIBUPR","meta"
"Viburnum_prunifolium","Carbonyl compounds",-0.209606842785998,"VIBUPR","meta"
"Viburnum_prunifolium","Glycosides",-0.495809938245663,"VIBUPR","meta"
"Viburnum_prunifolium","Organic acids and derivatives",-0.678393157025106,"VIBUPR","meta"
"Viburnum_prunifolium","Organoheterocyclic compounds",0.258302885772555,"VIBUPR","meta"
"Viburnum_prunifolium","Phenylpropanoids and polyketides",-0.569717444678961,"VIBUPR","meta"
"Viburnum_prunifolium","Prenol lipids, terpenoids",0.0268902198018336,"VIBUPR","meta"
"Viburnum_prunifolium","Steroids and steroid derivatives",-0.542756987757142,"VIBUPR","meta"
NA,"Alcohols and polyols",-0.654883791737503,"VIBURE","meta"
NA,"Benzenoids",-0.593299112406332,"VIBURE","meta"
NA,"Carbonyl compounds",-0.413777085397314,"VIBURE","meta"
NA,"Glycosides",-0.354868735679868,"VIBURE","meta"
NA,"Organic acids and derivatives",-0.800036004046468,"VIBURE","meta"
NA,"Organoheterocyclic compounds",-0.711108984770387,"VIBURE","meta"
NA,"Phenylpropanoids and polyketides",-0.600375389575741,"VIBURE","meta"
NA,"Prenol lipids, terpenoids",-0.572972891486807,"VIBURE","meta"
NA,"Steroids and steroid derivatives",-0.524125429467743,"VIBURE","meta"
"Viburnum_rufidulum","Alcohols and polyols",-0.201739196507409,"VIBURU","meta"
"Viburnum_rufidulum","Benzenoids",-0.183078395336013,"VIBURU","meta"
"Viburnum_rufidulum","Carbonyl compounds",-0.423783208182824,"VIBURU","meta"
"Viburnum_rufidulum","Glycosides",-0.547101162811372,"VIBURU","meta"
"Viburnum_rufidulum","Organic acids and derivatives",-0.26713063635895,"VIBURU","meta"
"Viburnum_rufidulum","Organoheterocyclic compounds",0.771241675198326,"VIBURU","meta"
"Viburnum_rufidulum","Phenylpropanoids and polyketides",-0.110769375866609,"VIBURU","meta"
"Viburnum_rufidulum","Prenol lipids, terpenoids",-0.427412787369691,"VIBURU","meta"
"Viburnum_rufidulum","Steroids and steroid derivatives",-0.542924472172476,"VIBURU","meta"
NA,"Alcohols and polyols",-0.0684583336669757,"ZANTAM","meta"
NA,"Benzenoids",-0.588878920744178,"ZANTAM","meta"
NA,"Glycosides",-0.441883002392437,"ZANTAM","meta"
NA,"Organic acids and derivatives",-0.844458851055379,"ZANTAM","meta"
NA,"Organoheterocyclic compounds",-0.752375927601119,"ZANTAM","meta"
NA,"Phenylpropanoids and polyketides",-0.826862168098562,"ZANTAM","meta"
NA,"Prenol lipids, terpenoids",-0.218695231338161,"ZANTAM","meta"
NA,"Steroids and steroid derivatives",-0.0315640635022298,"ZANTAM","meta"
